0	10000
0	500000
0	5000000
0	50000000
0	100000
0	50000
0	50000
0	1000000
0	1000000
0	10000
0	1000000
0	1000000
0	10000000
0	100000
0	100000
0	5000
0	500000
0	10000
0	5000000
0	10000000
0	100000
0	100000
0	500000
0	100000
0	50000
0	10000
0	500000
0	100000
0	10000
0	100000
0	100000
0	50000
0	100000
0	100000
0	10000
0	100000
0	500000
0	5000000
0	10000
0	500000
0	10000
0	100000
0	10000000
0	100000
0	10000
0	10000000
0	100000
0	100000
0	100000
0	100000
0	1000000
0	100000
0	1000000
0	100000
0	100000
0	100000
0	50000
0	100000
0	100000
0	100000
0	10000
0	100000
0	1000000
0	100000
0	100000
0	10000
0	50000
0	5000000
0	100000
0	5000000
0	5000000
0	500000
0	10000000
0	100000
0	500000
0	50000
0	100000
0	1000000
0	100000
0	1000000
0	50000
0	1000000
0	500000
0	100000
0	1000000
0	1000000
0	100000
0	100000
0	1000000
0	100000
0	100000
0	1000000
0	1000000
0	1000000
0	1000000
0	500000
0	500000
0	100000
0	500000
0	1000000
0	100000
0	500000
0	1000000
0	500000
0	100000
0	1000000
0	50000
0	1000000
0	10000
0	1000000
0	100000
0	10000
0	50000
0	100000
0	10000
0	10000
0	10000
0	10000000
0	500000
0	1000000
0	50000
0	10000
0	1000000
0	50000
0	500000
0	500000
0	100000
0	10000
0	5000
0	10000
0	10000
0	100000
0	5000
0	100000
0	10000
0	10000
0	1000000
0	50000
0	10000
0	100000000
0	50000
0	100000
0	10000000
0	100000000
0	10000000
0	10000000
0	10000000
0	100000
0	1000000
0	10000000
0	500000
0	1000000
0	1000000000
0	5000000
0	100000
0	10000000
0	500000
0	10000000
0	1000000
0	1000000
0	500000
0	1000000
0	500000
0	10000
0	5000000
0	100000
0	5000000
0	500000
0	1000000
0	500000
0	500000
0	1000000
0	5000000
0	10000000
0	100000
0	100000
0	100000
0	50000
0	500000
0	10000000
0	50000
0	1000000
0	1000000
0	1000000
0	500000
0	100000
0	10000000
0	10000000
0	50000000
0	10000000
0	5000000
0	1000000
0	50000000
0	5000000
0	100000000
0	1000000
0	1000000
0	500000
0	10000000
0	5000000
0	1000000
0	50000000
0	10000000
0	1000000
0	10000000
0	5000000
0	5000000
0	5000000
0	5000000
0	100000
0	1000000
0	1000000
0	1000000
0	10000000
0	5000000
0	1000000
0	5000000
0	100000
0	10000000
0	1000000
0	1000000
0	100000
0	5000000
0	1000000
0	100000
0	50000000
0	5000000
0	100000
0	1000000
0	5000000
0	1000000
0	10000000
0	10000000
0	1000000
4.99 	100000
4.99 	100000
0	10000000
0	50000
0	5000000
0	5000000
0	5000000
0	100000
0	100000
0	1000000
0	500000
0	100000
0	500000
0	500000
0	1000000
0	1000000
0	1000000
0	100000
0	100000
0	1000000
0	1000000
0	10000000
0	10000000
0	100000
0	100000
0	5000000
0	50000
0	1000000
0	1000000
0	500000
0	10000000
0	10000000
0	50000
0	5000000
0	5000000
0	5000000
0	100000
0	100000
0	1000000
0	500000
0	100000
0	500000
0	500000
0	1000000
0	1000000
0	1000000
0	100000
0	100000
0	1000000
0	1000000
0	1000000
0	5000000
0	1000000
0	10000000
0	10000000
0	1000000
4.99 	100000
4.99 	100000
0	50000000
0	100000000
0	5000000
0	10000
0	1000000
0	10000000
0	500000
0	1000000
0	500000
0	50000
0	50000
0	50000
0	1000000
0	10000
0	10000
0	10000
0	10000
0	10000
0	100000
0	5000000
0	100000
0	1000000
0	100000
0	1000000
0	1000000
0	1000000
0	1000000
0	100000
0	5000000
0	50000
0	100000
0	10000
0	10000
0	5000
0	500000
0	1000000
0	5000
0	1000
0	5000000
0	10000
0	50000
0	1000000
0	100000
0	1000000000
0	1000000000
0	10000000
0	1000000000
0	100000000
0	1000000000
0	1000000000
0	500000000
0	5000000
0	100000000
0	100000000
0	100000000
0	500000000
0	50000000
0	5000000
0	5000000
0	100000000
0	10000000
0	10000000
0	10000000
0	10000000
0	100000000
0	1000000
0	1000000
0	10000000
0	5000000
0	10000000
0	10000000
0	100000000
0	5000000
0	100000000
0	100000000
0	10000000
0	1000000
0	100000000
0	100000000
0	500000000
0	10000000
0	1000000
0	100000
0	10000000
0	10000000
0	10000000
0	500000000
0	5000000
0	5000000
0	1000000000
0	1000000000
0	500000000
0	10000000
0	500000000
0	1000000000
0	10000000
0	5000000
0	50000000
0	100000000
0	1000000000
0	100000000
0	100000000
0	10000000
0	100000000
0	100000000
0	1000000
0	10000000
0	10000000
0	10000000
0	10000000
0	10000000
0	500000000
0	10000000
0	1000000
0	100000000
0	100000000
0	1000000
0	1000000
0	10000000
0	1000000000
0	100000000
0	50000000
0	10000000
0	100000000
0	1000000
0	100000000
0	50000000
0	100000000
0	500000000
0	1000000
0	1000000
0	1000000
0	10000000
0	500000
0	500000
3.99 	100000
0	10000000
0	10000000
0	5000000
0	500000000
0	1000000
0	1000000
0	5000000
0	10000000
0	1000000
0	10000000
0	1000000
0	1000000
0	10000000
0	10000000
0	5000000
0	10000000
0	5000000
0	1000000
0	1000000
0	5000000
0	1000000
0	100000000
0	1000000
0	1000000000
0	100000000
0	5000000
0	10000000
0	1000000
0	1000000
0	1000000
0	10000000
0	50000000
0	10000
0	5000000
0	1000000
0	500000
0	1000000000
0	500000000
0	50000000
0	500000000
0	1000000000
0	100000000
0	1000000
0	5000000
0	10000000
0	10000000
0	500000000
0	100000000
3.99 	10000
6.99 	1000
1.49 	50
2.99 	100
3.99 	100
7.99 	100
0	10000000
0	10000000
0	10000000
0	100000
0	500000
0	5000000
0	1000000
0	10000000
0	1000000
0	10000000
0	5000000
0	5000000
0	100000
0	500000
0	1000000
0	1000000
0	10000
0	1000000
0	1000000
0	100000
0	10000000
0	1000000
0	100000
0	500000
0	5000
0	500000
0	5000000
0	1000000
0	100000
0	1000000
0	1000000
0	100000
0	100000
0	500000
0	500000
0	500000
0	100000
0	500000
0	500000
0	100000
0	50000
0	1000000
0	1000000
0	100000
0	100000
0	100000
0	10000
0	100000
0	1000000
0	100000
0	10000000
0	500000
0	100000
0	1000000
0	50000
0	5000000
0	500000
0	100000
0	100000
0	500000
0	10000000
0	1000000
0	100000
0	500000
0	100000
0	1000000
0	5000000
0	500000
0	500000
0	10000000
0	10000
0	10000000
0	100000
0	100000
0	1000000
0	500000
0	100000
0	1000000
0	100000
0	1000000
0	10000000
0	50000
0	500000
0	1000000
0	100000
0	10000
0	500000
0	1000000
0	100000
3.99 	10000
0	10000
0	10000
0	10000000
0	1000000
0	500000
0	500000
0	500000
0	1000000
0	100000
0	500000
0	10000
0	100000
0	100000
0	500000
0	100000
0	1000000
0	10000
0	10000
0	1000000
0	10000000
0	10000
0	100000
0	10000
0	1000000
0	1000000
0	50000
0	10000
0	500000
0	5000000
0	1000000
0	1000
0	5000
0	1000
0	500
0	5000
0	10000
0	100
0	10000
0	1000
0	100
0	1000
0	1000
0	1000
0	100
0	500
0	500
0	5000
0	100
0	100
0	50
0	5000
0	50
0	500
0	10
0	500
0	500
0	100
0	1000
0	10
0	100
0	10
0	500
0	500
0	10
0	100
0	100
0	10
0	10
0	100
0	50
0	100
0	100
0	10
0	500
0	1000
0	500
0	50
0	1
0	10
0	1000
0	1
0	50
0	100
0	10000
0	500
0	1000
0	10
0	5
0	10
0	100
0	1000000
0	100000
0	100000
0	5000
0	1000
0	1000000
0	5000
0	1000
0	5000000
0	500
0	100
0	100000
0	1000000
0	500000
0	1000
0	10000
0	100
0	500000
0	10000
0	10000
0	1000
0	1000
0	500
0	5000
0	10000
0	10000
0	50000
0	10000
0	100000
0	5000
0	10000
0	1000
0	10000
0	5000000
0	100000
0	1000000
0	5000
0	100000000
0	10000000
0	100000
0	5000000
0	10000000
0	100000
0	5000000
0	1000000
0	500000
0	500000
0	1000000
0	1000000
0	5000000
0	1000000
0	500000
0	5000000
0	500000
0	1000000
0	10000000
0	10000000
0	1000000
0	5000000
0	50000
0	1000000
0	1000000
0	1000000
0	1000000
0	1000000
0	500000
0	1000000
0	5000000
0	1000000
0	500000
0	500000
0	100000
0	10000000
0	100000
0	5000000
0	10000000
0	5000000
0	10000000
0	10000000
0	1000000
0	5000000
0	1000000
0	5000000
0	5000000
0	10000000
0	10000000
0	1000000
0	1000000
0	1000000
0	1000000
0	10000
0	50000
0	1000000
0	1000000
0	1000000
0	1000000
0	1000000
0	1000000
0	1000000
0	1000000
0	1000000
0	1000000
0	1000000
0	100000
0	1000000
0	100000
0	10000
0	10000
0	50000
0	500000
0	100000
0	100000
0	100000
0	10000
0	100000
0	100000
0	50000
0	50000
0	100000
0	100000
0	5000000
0	10000000
0	100000000
0	10000000
0	5000000
0	1000000
0	1000000
0	1000000
0	5000000
0	10000000
0	1000000
0	10000000
0	1000000
0	1000000
0	10000000
0	1000000
0	5000000
0	100000000
0	5000000
0	5000000
0	1000000
0	500000
0	1000000
0	1000000
0	10000000
0	10000000
0	10000000
0	1000000
0	500000
0	1000000
0	1000000
0	50000
0	1000000
0	100000
0	100000
0	100000
0	100000
0	10000000
0	10000000
0	100000
0	10000
0	10000000
0	10000000
0	10000000
0	100000000
0	500000
0	5000000
0	5000000
0	500000
0	5000000
0	10000000
0	10000000
0	500000
0	10000000
0	1000000
0	1000000
0	1000000
0	1000000
0	1000000
0	100000
0	10000000
0	10000000
0	5000000
0	10000000
0	10000000
0	5000000
0	1000000
0	100000
0	1000000
3.99 	1000
5.99 	1000
3.99 	500000
3.99 	100000
0	100000000
0	1000000
0	1000000
0	10000000
0	50000000
0	10000000
0	5000000
0	5000000
0	10000000
0	5000000
0	1000000000
0	100000000
0	5000000
0	1000000
0	5000000
0	5000000
0	1000000
0	1000000
0	10000000
0	100000000
0	5000000
0	10000000
0	1000000
0	10000000
0	50000000
0	5000000
0	10000000
0	1000000
0	10000000
0	1000000
0	10000000
0	50000000
0	1000000
0	100000000
0	50000000
0	1000000
0	5000000
0	50000000
0	100000000
0	1000000
0	100000
0	1000000
0	1000000
0	10000000
0	10000000
0	100000
0	100000
0	1000000
0	100000000
0	100000000
0	500000
0	100000
0	100000
0	1000000
0	1000000
0	10000000
0	1000000
0	10000000
0	10000000
0	10000000
0	50000
0	1000000
0	10000000
0	1000000
0	5000000
0	1000000
0	5000000
0	1000000
0	10000000
0	10000000
0	1000000
0	1000000
0	1000000
0	1000000
0	1000000
0	100000000
0	100000000
0	10000000
0	10000000
0	10000000
0	10000000
0	10000000
0	10000000
0	10000000
0	5000000
0	5000000
0	500000
0	5000000
0	1000000
0	10000000
0	10000000
0	1000000
0	1000000
0	500000
0	1000000
0	1000000
0	1000000
0	1000000
0	10000000
0	1000000
0	10000000
0	10000000
0	1000000
0	100000000
0	10000000
0	10000000
0	10000000
0	10000000
0	10000000
0	10000000
0	10000000
0	500000
0	5000000
0	10000000
0	1000000
0	1000000
0	10000000
0	5000000
0	10000000
0	1000000
0	10000000
0	100000
0	1000000
0	1000000
0	1000000
0	1000000
0	1000000
0	1000000
0	1000000
0	10000000
0	1000000
0	1000000
0	10000
0	10000000
0	100000
0	100000
0	5000000
0	10000000
0	10000000
0	100000
4.99 	100000
0	1000000
0	1000000
0	1000000
0	1000000
0	10000000
2.99 	100000
0	10000000
0	10000000
0	100000
0	5000000
0	500000
0	50000
0	5000000
0	1000000
0	10000
0	1000000
0	100000
0	10000
0	1000000
0	100000
0	100000
0	100000
0	50000
0	1000
0	1000000
0	10000
0	500
0	50000
0	100
0	100
0	100000
0	100000
0	500
0	100000
0	100
0	100000
0	100
0	1000
0	5000
0	100000
0	1000
0	100000
0	100
0	1000
0	50000
0	5000
0	100000
0	100
0	1000
0	1000
0	100
0	500
0	10000000
0	1000000
0	5000000
0	5000000
0	5000000
0	10000000
0	500000
0	5000000
0	10000000
0	1000000
0	1000000
0	10000000
0	5000000
0	1000000
0	1000000
0	10000000
0	1000000
0	5000000
0	1000000
0	1000000
0	5000000
0	1000000
0	5000000
0	1000000
0	1000000
0	10000000
0	10000000
0	1000000
0	50000000
0	10000000
0	1000000
0	1000000
0	1000000
0	10000000
0	1000000
0	100000000
0	5000000
0	1000000
0	5000000
0	1000000
0	10000000
0	10000
0	1000000
0	100000
0	100000
0	100000
0	1000000
0	1000000
0	100000000
0	1000000
0	1000000
0	5000000
0	100000
0	500000
0	1000000
0	100000
0	500000
0	1000000
0	1000000
0	100000
0	100000
0	1000000
0	1000000
0	50000
0	1000000
0	100000
0	10000000
0	100000
0	1000000
0	5000000
0	1000000
0	100000
0	1000000
0	100000
0	1000000
0	1000000
0	50000
0	1000000
0	5000000
0	500000
0	1000000
0	1000000
0	1000000
0	5000000
0	1000000
0	100000
0	500000
0	1000000
0	1000000
0	1000000
0	500000
0	1000000
0	5000000
0	500000
0	100000
0	1000000
0	1000000
0	5000000
0	5000000
0	50000
0	1000000
0	5000000
0	100000
0	1000000
0	500000
0	1000000
0	500000
0	100000
0	50000000
0	1000000
0	100000
0	100000
0	1000000
0	1000000
0	5000000
0	100000000
0	50000
0	10000000
0	10000
0	5000000
0	10000000
0	10000000
0	1000000
0	5000000
0	1000000
0	10000000
0	10000000
0	1000000
0	10000000
0	50000
0	10000000
0	1000000
0	10000
0	100000
0	1000000
0	10000000
0	1000000
0	500000
0	10000000
0	500000
0	50000
0	1000000
0	1000000
0	1000000
0	500000
0	5000000
0	1000000
0	5000000
0	1000000
0	10000000
0	100000
0	10000000
0	5000000
0	5000000
0	1000000
0	10000000
0	5000000
0	1000000
0	1000000
0	1000000
0	1000000
0	100000
0	100000
0	1000000
0	50000
0	500000
0	500000
0	100000
0	1000000
0	1000000
0	100000
0	100000
0	5000000
0	500000
0	100000
0	1000000
0	10000
0	50000
0	5000000
3.49 	10000
4.99 	50000
0	1000000
0	1000000
0	10000000
0	1000000
0	1000000
0	1000000
0	5000000
0	10000000
0	10000000
0	50000
0	5000000
0	100000
0	1000000
0	10000000
0	1000000
0	1000000
0	100000
0	10000000
0	100000
0	1000000
0	5000000
0	10000000
0	1000000
0	5000000
0	5000000
0	10000000
0	10000000
0	10000000
0	500000
0	5000000
0	1000000
0	10000000
0	10000000
0	10000000
0	10000000
0	10000000
0	10000000
0	1000000
0	10000000
0	1000000
0	100000
0	500000
0	100000
0	500000
0	5000000
0	1000000
0	10000000
0	50000
0	10000000
0	500000
0	100000
0	1000000
0	10000000
0	500000
0	10000000
0	5000000
0	1000000
0	50000000
0	100000
0	5000000
0	10000000
0	1000000
0	100000
0	10000000
0	1000000
0	500000
0	100000
0	10000000
0	1000000
0	5000000
0	1000000
0	500000
0	1000000
0	1000000
0	1000000
0	10000000
0	10000000
0	5000000
0	1000000
0	5000000
0	10000000
0	500000
0	10000000
0	10000000
0	1000000
0	5000000
0	1000000
0	10000000
0	10000000
0	1000000
0	10000000
0	5000000
0	1000000
0	5000000
0	10000000
0	10000000
0	1000000
0	5000000
2.99 	100000
0	1000000
0	100000
0	1000000
0	500000
0	500000
0	100000
0	1000000
3.99 	10000
0	500000
0	100000
0	100000
0	1000000
0	5000000
2.99 	100000
0	5000000
0	500000
0	10000000
0	100000
0	5000000
2.99 	100000
0	1000000
0	1000000
0	1000000
0	1000000
0	5000000
0	1000000
0	1000000
0	1000000
0	500000
0	10000000
0	500000
0	1000000
0	100000000
0	10000000
0	50000000
0	5000000
0	5000000
0	500000
0	1000000
0	1000000
0	1000000
0	10000000
0	50000
0	50000
0	1000000
0	10000000
0	1000000
0	5000000
0	5000000
0	1000000
0	1000000
0	5000000
0	5000000
0	10000000
0	10000000
0	5000000
0	10000000
0	1000000
0	50000000
0	10000000
0	10000000
0	10000000
0	10000000
0	10000000
0	1000000
0	500000
0	1000000
0	1000000
0	100000
0	10000000
0	1000000
0	100000
0	50000
0	500000
0	1000000
0	100000
0	50000000
0	10000000
0	1000000
0	500000
0	5000000
0	1000000
0	1000000
0	10000000
0	100000
0	100000
0	1000000
0	100000
0	5000000
0	1000000
0	50000
0	500000
0	100000
0	50000000
0	10000000
0	500000
0	1000000
0	100000
0	1000000
0	500000
0	100000
0	500000
0	1000000
0	1000000
0	500000
0	500000
0	100000
0	1000000
0	5000000
0	500000
0	5000000
0	5000000
0	1000000
0	5000000
0	1000000
0	500000
0	10000000
0	5000000
0	10000000
0	100000
0	1000000
0	10000000
0	5000000
0	1000000
0	1000000
0	1000000
0	10000000
0	10000
0	10000000
0	500000
0	100000
0	1000000
0	1000000
0	1000000
0	1000000
0	1000000
0	100000
0	5000000
0	1000000
0	1000000
0	1000000
0	5000
0	5000000
0	10000
0	100000
0	500000
0	1000000
0	100000
0	1000000
0	100000
0	100000
0	1000000
0	500000
0	500000
0	5000000
0	500000
0	5000
0	100000
0	10000
0	50000
0	100000
0	10000
0	100000
0	1000000
0	100000
0	500000
0	1000000
0	50000
0	10000000
0	1000000
0	500000
0	1000000
0	1000000
0	500000
0	500000
0	1000000
0	1000000
0	10000000
0	10000000
0	10000000
0	500000
0	1000000
0	5000000
0	1000000
0	10000000
0	50000
0	50000
0	10000
0	100000
0	1000
0	100000
0	10000
0	100000
0	5000000
0	50000
0	10000000
0	1000
0	100000
0	50000
0	100000
0	50000
0	100000
0	10000
0	50000
0	50000
0	100000
0	100000
0	10000000
0	10000
0	100000
0	10000
0	10000
0	5000
0	500000
0	5000000
0	100000
0	1000000
0	10000
0	1000000
0	1000
0	500000
0	1000000
0	100000
0	1000000
0	10000
0	1000000
0	500000
0	500000
0	100000
0	50000
0	500000
0	500000
0	1000000
0	100000
0	5000000
0	10000000
0	100000
0	10000000
0	5000000
0	1000000
0	5000000
0	1000000
0	10000000
0	1000000
0	1000000
0	5000000
0	10000000
0	500000
0	5000000
0	10000000
0	1000000
0	1000000
0	10000000
0	5000000
0	1000000
0	10000000
0	50000000
0	1000000
0	500000
0	500000
0	1000000
0	5000000
0	1000000
0	1000000
0	100000
0	1000000
0	1000000
0	10000000
0	1000000
0	1000000
0	10000000
0	500000
0	10000000
0	1000000
0	1000000
0	100000
0	100000
0	10000000
0	500000
0	1000000
0	1000000
0	1000000
0	100000
0	100000
0	1000000
0	1000000
0	10000000
0	100000
0	500000
0	500000
0	10000
0	100000
0	5000000
0	1000000
0	500000
0	500000
0	10000
0	1000000
0	100000
0	10000000
0	500000
0	500000
0	10000
0	1000000
0	100000
0	10000000
0	100000
0	50000
0	5000
0	100000
0	1000000
0	100000
0	50000
0	1000000
0	100000
0	1000000
0	5000000
0	500000
0	500000
0	1000000
0	500000
0	1000000
0	100000
0	1000000
0	100000
0	100000000
0	1000000000
0	500000000
0	10000000
0	10000000
0	50000000
0	100000000
0	100000000
0	500000000
0	500000000
0	100000000
0	5000000
0	100000000
0	100000000
0	100000000
0	100000000
0	1000000
0	100000000
0	50000000
0	5000000
0	100000000
0	1000000
0	100000000
0	50000000
0	50000000
0	10000000
0	50000000
0	100000000
0	100000000
0	10000000
0	10000000
0	10000000
0	100000000
0	5000000
0	10000000
0	50000000
0	100000000
0	50000000
0	10000000
0	10000000
0	10000000
0	100000000
0	100000000
0	10000000
0	100000000
0	100000000
0	100000000
0	1000000000
0	100000000
0	500000000
0	100000000
0	100000000
0	500000000
0	100000000
0	100000000
0	10000000
0	100000000
0	100000000
0	10000000
0	50000000
0	10000000
0	10000000
0	10000000
0	100000000
0	10000000
0	100000000
0	5000000
0	50000000
0	100000000
0	500000000
0	100000000
0	50000000
0	10000000
0	100000000
0	10000000
0	1000000
0	500000000
0	100000000
0	5000000
0	10000000
0	100000000
0	1000000
0	100000000
0	100000000
0	100000000
0	10000000
0	100000000
0	100000000
0	10000000
0	100000000
0	100000000
0	100000000
0	10000000
0	50000000
0	1000000
0	100000000
0	100000000
0	1000000000
0	500000000
0	10000000
0	50000000
0	50000000
0	100000000
0	100000000
0	100000000
0	100000000
0	500000000
0	50000000
0	50000000
0	50000000
0	100000000
0	100000000
0	10000000
0	10000000
0	50000000
0	10000000
0	1000000
0	10000000
0	5000000
0	5000000
0	100000000
0	1000000
0	1000000
0	10000000
0	10000000
0	50000000
0	500000
0	1000000
0	100000000
0	5000000
0	5000000
0	10000000
0	50000000
0	50000000
0	10000000
0	10000000
0	10000000
0	50000000
0	10000000
0	100000000
0	5000000
0	50000000
0	10000000
0	1000000
0	10000000
0	1000000
0	10000000
0	10000000
0	5000000
0	10000000
0	10000000
0	1000000
0	5000000
0	5000000
0	5000000
0	10000000
0	5000000
0	5000000
0	1000000
0	5000000
0	10000000
0	1000000
0	1000000
0	5000000
0	1000000
0	10000000
0	10000000
0	10000000
0	1000000
0	1000000
0	5000000
0	10000000
0	5000000
0	10000000
0	100000
0	1000000
0	1000000
0	100000
2.99 	100000
1.99 	100000
4.99 	100000
4.99 	100000
4.99 	100000
5.99 	100000
6.99 	100000
9.99 	100000
4.99 	100000
0	5000000
0	100000000
0	500000000
0	100000000
0	100000000
0	10000000
0	10000000
0	50000000
0	10000000
0	5000000
0	10000000
0	50000000
0	5000000
0	10000000
0	10000000
0	5000000
0	10000000
0	10000000
0	500000
0	1000000
0	5000000
0	50000000
0	5000000
0	10000000
0	500000
0	1000000
0	50000000
0	5000000
0	1000000
0	500000000
0	100000000
0	100000000
0	1000000000
0	100000000
0	1000000
0	10000000
0	10000000
0	50000000
0	100000000
0	100000000
0	100000000
0	100000000
0	10000000
0	5000000
0	1000000
0	500000000
0	500000000
0	100000000
0	10000000
0	10000000
0	100000000
0	100000000
0	100000000
0	100000000
0	50000000
0	10000000
0	10000000
0	100000000
0	10000000
0	50000000
0	1000000
0	50000000
0	100000000
0	10000000
0	10000000
0	100000000
0	100000000
0	50000000
0	500000000
0	100000000
0	100000000
0	10000000
0	5000000
0	10000000
0	100000000
0	100000000
0	50000000
0	1000000000
0	100000000
0	100000000
0	500000000
0	100000000
0	50000000
0	100000000
0	10000000
0	100000000
0	50000000
0	50000000
0	10000000
0	50000000
0	50000000
0	10000000
0	100000000
0	10000000
0	10000000
0	5000000
0	50000000
0	10000000
0	50000000
0	50000000
0	10000000
0	10000000
0	10000000
0	10000000
0	100000
0	10000000
0	10000000
0	100000000
0	1000000
0	100000000
0	1000000
0	1000000
0	5000000
0	10000000
0	10000000
0	10000000
0	10000000
0	100000000
0	5000000
0	5000000
0	10000000
0	100000
0	50000000
0	5000000
0	50000000
0	10000000
0	500000000
0	100000000
0	5000000
0	100000000
0	100000000
0	10000000
0	10000000
0	10000000
0	5000000
0	10000000
0	100000000
0	100000000
0	50000000
0	5000000
0	10000000
0	100000000
0	10000000
0	10000000
0	100000000
0	50000000
0	100000000
0	1000000
0	100000000
0	10000000
0	100000000
0	10000000
0	100000000
0	5000000
0	10000000
0	1000000
0	50000000
0	10000000
0	10000000
0	50000000
0	50000000
0	5000000
0	10000000
0	10000000
0	100000000
0	5000000
0	10000000
0	100000000
0	100000000
0	50000000
0	50000000
0	100000000
0	50000000
0	10000000
0	50000000
0	10000000
0	100000000
0	1000000
0	5000000
0	5000000
0	1000000
0	1000000
0	5000000
0	1000000
0	100000
0	5000000
0	50000000
0	1000000
0	500000
0	10000000
0	500000
0	5000000
0	1000000
0	500000
0	10000000
0	500000
0	1000000
0	50000000
0	10000000
0	1000000
0	10000000
0	5000000
0	1000000
0	5000000
0	500000
0	10000000
0	1000000
0	1000000
0	10000000
0	10000000
0	100000000
0	10000000
0	10000000
0	1000000
0	10000000
0	1000000
0	100000000
0	10000000
0	100000
0	5000000
0	100000
0	10000
3.99 	5000
0	5000000
0	100000
0	1000000
0	1000000
0	5000000
0	1000000
0	1000000
0	1000000
0	1000000
0	5000000
0	500000
0	500000
0	1000000
0	1000000
0	50000
0	1000000
0	1000000
0	10000000
0	100000
0	100000
0	500000
0	500000
2.99 	5000
3.99 	1000
2.99 	500
0	100000000
0	10000000
0	100000000
0	10000000
0	1000000
0	10000000
0	100000
0	10000000
0	1000000
0	5000000
0	500000
0	10000000
0	1000000
0	1000000
0	100000
0	50000
0	50000000
0	500000
0	10000000
0	500000
0	1000000
0	10000000
0	1000000
0	100000
0	5000000
0	1000000
0	1000000
0	10000000
0	1000000
0	10000000
0	10000000
0	50000000
0	10000000
0	5000000
0	100000
0	10000000
0	5000000
0	10000000
0	1000000
0	50000000
0	1000000
0	10000000
0	1000000
0	10000000
0	5000000
0	10000000
0	10000000
0	10000000
0	5000000
0	1000000
0	50000000
0	1000000
0	10000000
0	500000
0	500000
0	500000
0	100000
0	100000
0	1000000
0	10000
0	10000000
0	500000
3.99 	100000
3.99 	500000
4.99 	10000
3.99 	10000
2.99 	1000
0	10000000
0	5000000
0	1000000
0	1000000
0	1000000
0	100000
0	100000
0	50000
0	500000
0	100000
0	5000000
0	1000
0	100000
7.49 	1000
0	50000
2.99 	1000
0.99 	100
0.99 	100
0.99 	1000
4.99 	5000
2.99 	5000
4.99 	1000
2.99 	10000
4.99 	10000
4.99 	5000
0	10000000
0	1000000
0	1000000
0	1000000
0	100000
0	100000
0	100000
0	5000000
0	100000
2.99 	1000
2.99 	10000
3.99 	10000
3.99 	50000
0	10000000
0	1000000
0	1000000
0	1000000
0	100000
0	100000
0	100000
0	5000000
0	100000
2.99 	1000
2.99 	10000
3.99 	10000
3.99 	50000
0	100000000
0	10000000
0	50000000
0	10000000
0	5000000
0	10000000
0	5000000
0	10000000
0	5000000
0	5000000
0	100000000
0	5000000
0	10000000
0	10000000
0	5000000
0	1000000
0	10000000
0	10000000
0	5000000
0	50000000
0	10000000
0	5000000
0	1000000
0	10000000
0	5000000
0	1000000
0	1000000
0	1000000
0	10000000
0	1000000
0	1000000
0	5000000
0	5000000
0	10000000
0	10000000
6.99 	10000000
2.99 	1000000
9.00 	100000
0.99 	10000
5.49 	10000
9.99 	10000
6.99 	10000
10.00 	10000
3.99 	5000
5.99 	5000
24.99 	100000
11.99 	50000
79.99 	1000
11.99 	10000
2.99 	50000
16.99 	1000
3.99 	1000
2.99 	10000
9.99 	1000
3.99 	1000
14.99 	1000
2.99 	100
3.99 	5000
2.99 	5000
1.00 	500
29.99 	1000
2.99 	10000
2.99 	1000
12.99 	100
4.99 	1000
2.99 	500
14.99 	5000
5.99 	1000
3.49 	500
0.99 	1000
2.49 	5000
24.99 	10000
10.99 	1000
1.99 	10000
24.99 	100
4.99 	1000
3.99 	5000
2.99 	10000
7.49 	1000
1.50 	1000
2.99 	100
3.99 	50000
1.99 	1000
9.99 	1000
3.99 	5000
3.99 	5000
3.99 	1000
7.99 	10000
14.99 	50
9.99 	1000
3.99 	10000
19.99 	1000
29.99 	1000
15.99 	500
0.99 	500
33.99 	1000
0.99 	5000
0	1000000
0	1000000
0	1000000
0	1000000
0	1000000
0	500000
0	50000
0	5000000
0	1000000
0	1000000
0	100000
0	500000
0	10000
0	1000000
0	500000
0	500000
0	5000000
0	50000
0	500000
0	1000000
0	500000
0	100000
0	100000
0	100000
0	100000
0	500000
0	100000
0	1000000
0	1000000
0	50000
0	1000000
0	100000
0	100000
0	100000
0	100000
0	1000000
0	50000
0	100000
0	100000
0	1000
0	500000
0	1000000
0	10000
0	1000000
0	1000
0	100000
0	500000
0	100000
0	50000
0	500000
0	10000
0	1000000
0	100000
0	5000
0	100000
0	100000
0	100000
0	5000
0	100000
0	100000
0	100000
0	50000
79.99 	1000
9.00 	100000
0	1000000
0	5000
0	10000
0	10000
0	50000
24.99 	100000
0	10000
0	100000
0	100000
0	50000
0	10000
9.99 	10000
0	50000
10.00 	10000
0	10000
0	10000
0	50000
0	100000
16.99 	1000
11.99 	50000
29.99 	1000
0	5000
14.99 	1000
74.99 	1000
0	1000
0	100000
0	100000
0	100000
11.99 	10000
0	5000
0	10000
6.99 	10000
5.49 	10000
14.99 	5000
9.99 	1000
33.99 	1000
0	1000
0	5000
0	10000
29.99 	1000
24.99 	10000
0	5000
12.99 	100
0	1000
0	10000
0	10000
0	5000
39.99 	100
0	50000
5.99 	5000
0	1000
2.99 	10000
24.99 	100
19.99 	1000
0	100000
2.99 	1
0.99 	50
5.99 	10
0.99 	1
0	500
0	100
0	500
0	1000
0	50
0	100
0	100
0	10
0	10
0	100
0	100
0	10
0	100
0	50
0	10
0	100
0	1000
0	10
0	100
0	10
0	500
0	50
0	100
0	10
0	5
0	10
0	50
0	10
0	1
0	50
0	100
0	10
0	10
0	5
0	10
0	10
0	1
0	100
0	5000
0	5
0	10
0	10
0	10
0	5
0	50
0	1
0	10
0	50
0	5
0	100
0	100
0	10
0	5
0	100
0	10
0	100
0	10
0	5
0	5
0	10
0	500000
0	100000
0	1000000
0	1000000
0	10000
0	1000
0	10000
0	50000
0	50000
0	1000
0	1000
0	100000
0	50
0	100000
0	10000
0	500
0	5000
0	10000
0	50000
0	100000
0	1000
0	100000
0	100000
0	5000
0	1000000
0	10000
0	500
0	1000
0	5000
0	10000
0	10
0	500000
0	100
0	10000
0	10000
0	100000
0	100
0	5000
0	10000
0	10000
0	50000
0	1000
0	1000
0	100
0	1000
0	50000
0	50000
0	100
0	1000
0	50000
0	10000
0	100000
0	1000
0	10000
0	500
0	100000
0	5000
0	1000000
0	1000000000
0	1000000000
0	500000000
0	10000000
0	100000000
0	1000000
0	500000000
0	100000
0	100000000
0	10000000
0	1000000000
0	1000000
0	1000000
0	1000000
0	5000000
0	100000
0	1000000
0	5000000
0	5000000
0	1000000
0	5000000
0	10000000
0	5000000
0	1000000
0	500000
0	5000000
0	50000
0	10000000
0	1000000
0	5000000
0	1000000
0	1000000
0	10000000
0	10000000
0	10000000
0	10000000
0	10000000
0	1000000
0	100000000
0	1000000
0	10000000
0	5000000
0	5000000
0	10000000
0	100000000
0	10000000
0	10000000
0	10000000
0	100000000
0	50000000
0	10000000
0	50000000
0	10000000
0	5000000
0	10000000
0	100000000
0	5000000
0	500000
0	100000
0	500000000
0	1000000000
0	1000000
0	500000
0	10000000
0	10000000
0	500000
0	500000000
0	1000000000
0	100000000
0	5000000
0	50000000
0	1000000
0	10000000
0	50000000
0	50000000
0	5000000
0	1000000
0	100000000
0	10000000
0	100000000
0	10000000
0	10000000
0	1000000
0	100000000
0	5000000
0	50000000
0	50000000
0	10000000
0	10000000
0	100000
0	5000000
0	5000000
0	50000000
0	10000000
0	10000000
0	10000000
0	100000
0	5000000
0	50000000
0	50000000
0	10000000
0	10000000
0	50000000
0	100000000
0	10000000
0	10000000
0	10000000
0	10000000
0	1000000
0	5000000
0	10000000
0	100000000
0	10000000
0	10000000
0	10000000
0	5000000
0	100000000
0	10000000
0	100000000
0	50000000
0	100000000
0	50000000
0	50000000
0	1000000
0	10000000
0	5000000
0	5000000
0	1000000
0	1000000
0	10000000
0	50000000
0	10000000
0	10000000
0	1000000
0	5000000
0	10000000
0	1000000
0	10000000
0	1000000
0	10000000
0	50000000
0	10000000
0	10000000
0	10000000
0	10000000
0	10000000
0	10000000
0	10000000
0	10000000
0	50000000
0	10000000
0	10000000
0	10000000
0	10000000
0	100000000
0	5000000
0	1000000
0	5000000
0	1000000
0	1000000
0	1000000
0	1000000
0	10000000
0	500000
0	500000
0	1000000
0	10000000
0	10000000
0	100000000
0	1000000
0	10000000
0	10000000
0	50000000
0	5000000
0	10000000
0	1000000
0	10000000
0	10000000
0	50000
0	1000000
0	1000000
0	10000000
0	10000000
0	1000000
0	5000000
0	1000000
0	1000000
0	10000000
0	50000000
0	1000000
0	10000000
0	100000
0	500000
0	1000000
0	100000000
0	10000000
0	500000
0	500000
0	5000000
0	500000
0	100000
0	10000000
0	1000000
0	10000000
0	1000000
0	100000000
0	10000000
0	5000000
0	10000000
0	5000000
0	1000000
0	10000000
0	100000000
0	5000000
0	1000000
0	1000000
0	5000000
0	500000
0	10000000
0	100000000
0	10000000
0	1000000
0	1000000
0	10000000
0	10000000
0	10000000
0	10000000
0	10000000
0	1000000
0	10000000
0	100000000
0	5000000
0	500000
0	500000
0	1000000
0	5000000
0	5000000
0	1000000
0	10000000
0	50000000
0	100000000
0	500000
0	1000000
0	10000000
0	100000
0	1000000
0	100000000
0	1000000
0	100000
0	1000000
0	10000000
0	5000000
0	100000000
0	5000000
0	1000000
0	500000
0	10000000
0	1000000
0	5000000
0	1000000
0	500000
0	50000
0	1000000
0	1000000
0	1000000000
0	50000000
0	5000000
0	10000000
0	10000000
0	10000000
0	50000000
0	1000000
0	100000000
0	1000000
0	100000
0	5000000
0	1000000
0	5000000
0	1000000
0	1000000
0	5000000
0	50000000
0	500000
0	10000000
0	10000000
0	50000000
0	500000
0	1000000
0	1000000
0	100000000
0	1000000
0	100000000
0	50000000
0	10000000
0	1000000
0	1000000
0	5000000
0	10000000
0	1000000
0	1000000
0	5000000
0	10000000
0	10000000
0	100000000
0	10000000
0	100000000
0	10000000
0	1000000
0	5000000
0	1000000000
0	5000000
0	10000000
0	10000000
0	5000000
0	50000000
0	100000000
0	10000000
0	50000000
0	100000000
0	10000000
0	5000000
0	100000000
0	10000000
0	100000000
0	1000000
0	100000000
0	50000000
0	1000000
0	100000000
0	1000000
0	1000000
0	1000000
0	1000000
0	5000000
0	100000000
0	10000000
0	1000000
0	10000000
0	5000000
5.99 	1000000
0	1000000000
0	5000000
0	10000000
0	10000000
0	5000000
0	5000000
0	10000000
0	10000000
0	10000000
0	5000000
0	1000000
0	10000000
0	10000000
0	100000000
0	10000000
0	10000000
0	10000000
0	1000000
0	50000000
0	5000000
0	100000000
0	10000000
2.99 	100000
0	10000000
0	100000000
0	100000000
0	50000000
0	100000000
5.99 	1000000
3.95 	100000
0	50000000
0	50000000
0	50000000
0	10000000
0	5000000
0	10000000
0	10000000
0	100000000
0	100000000
0	1000000
0	5000000
0	10000000
0	10000000
0	1000000
0	10000000
0	50000000
0	50000000
0	50000000
0	50000000
0	10000000
0	10000000
0	100000000
0	50000000
0	100000000
0	100000000
0	100000000
0	10000000
0	50000000
0	100000000
0	100000000
0	100000000
0	100000000
0	5000000
0	10000000
0	50000000
0	100000000
5.99 	1000000
0	10000000
0	1000000
0	10000000
0	5000000
0	5000000
0	10000000
0	100000000
0	10000000
0	10000000
0	100000
0	10000000
0	5000000
0	50000000
0	10000000
0	10000000
0	500000
0	10000000
0	1000000
0	5000000
0	5000000
0	5000000
0	10000000
0	1000000
0	10000000
0	5000000
0	5000000
0	5000000
0	5000000
0	5000000
0	1000000
0	1000000
0	10000000
0	5000000
0	10000000
0	10000000
0	5000000
0	100000
0	1000000
0	1000000
0	1000000
0	5000000
0	100000
0	500000
0	500000
0	500000
0	1000000
0	10000000
0	100000
0	5000000
0	100000
0	100000
0	500000
0	10000000
0	100000
0	1000000
0	500000
0	5000000
0	100000
0	5000000
0	10000000
0	50000000
0	5000000
0	5000000
0	10000000
0	5000000
0	10000000
0	1000000
0	10000000
0	5000000
0	5000000
0	5000000
0	10000000
0	100000
0	1000000
0	1000000
0	100000
0	1000000
0	100000
0	1000000
0	1000000
0	100000
0	50000
0	500000
0	100000
0	1000000
0	100000
0	100000
0	1000000
29.99 	50000
0	1000000
0	1000000
0	5000000
0	1000000
0	1000000
0	5000000
0	1000000
0	1000000
0	10000000
0	1000000
0	5000000
0	10000
0	50000
0	100000
0	1000000
0	10000000
0	5000000
0	100000
0	1000000
0	10000
0	10000000
0	5000000
0	5000000
0	10000000
0	5000000
0	500000
0	1000000
0	10000000
0	5000000
0	10000000
0	100000
0	5000000
0	10000000
0	5000000
0	50000000
0	500000
0	500000
0	500000
0	10000
0	1000000
0	5000000
0	5000000
0	10000000
0	10000000
0	50000000
0	10000000
0	100000
0	10000000
0	500000
0	1000000
0	5000000
0	1000000
0	5000000
0	1000000
0	10000000
0	1000000
0	5000000
0	5000000
0	1000000
0	1000000
0	1000000
0	10000000
0	10000000
0	50000000
0	5000000
0	1000000
0	500000
0	1000000
0	10000000
0	10000000
0	500000
0	10000000
0	100000000
0	1000000
0	5000000
0	100000000
0	10000000
0	1000000000
0	50000000
0	5000000
0	5000000
0	100000000
0	10000000
0	5000000
0	10000000
0	50000000
0	10000000
0	1000000000
0	10000000
0	10000000
0	10000000
0	1000000
0	1000000
0	1000000
0	5000000
0	500000
0	100000000
0	100000
0	5000000
0	5000000
0	1000000
0	1000000
0	10000000
0	10000000
0	10000000
0	10000000
0	5000000
0	5000000
0	10000000
0	10000000
0	1000000
0	50000000
0	5000000
0	1000000
0	5000000
0	1000000
0	100000000
0	1000000
0	5000000
0	1000000
0	5000000
0	10000000
0	10000000
0	10000000
0	1000000
0	100000
0	1000
0	100000
0	5000000
0	10000000
0	100000000
0	1000000
0	1000000
0	5000000
0	5000000
0	10000000
0	1000000
0	100000
0	1000000
0	5000000
0	5000000
0	1000000
0	1000000
0	5000000
0	1000000
0	5000000
0	1000000
0	10000000
0	5000000
0	5000000
0	1000000
0	1000000
0	10000000
0	1000000
0	10000000
0	5000000
0	1000000
0	1000000
0	1000000
0	1000000
0	5000000
0	100000
0	50000000
0	10000000
0	5000000
0	10000000
0	1000000
0	10000000
0	1000000
0	1000000
0	10000000
0	100000000
0	5000000
0	1000000
0	100000000
0	10000000
0	5000000
0	10000000
0	1000000
0	100000
0	1000000
0	10000000
0	5000000
0	1000000000
0	10000000
0	1000000
0	5000000
0	1000000
0	1000000
0	500000
0	500000
0	1000000
0	1000000000
0	10000000
0	1000000000
0	500000000
0	10000000
0	50000000
0	50000000
0	100000000
0	1000000
0	10000000
0	100000000
0	100000000
0	100000000
0	10000000
0	50000000
0	50000000
0	10000000
0	10000000
0	5000000
0	10000000
0	1000000
0	10000000
0	100000
0	500000000
0	10000000
0	10000000
0	1000000
0	5000000
0	10000000
0	100000000
0	10000000
0	10000000
0	10000000
0	500000000
0	100000000
0	10000000
0	10000000
0	10000000
0	10000000
0	10000000
0	100000000
0	10000000
0	1000000
0	500000
0	10000000
0	10000000
0	50000
0	100000
0	100000
0	10000000
0	10000000
0	1000000
0	5000000
0	1000000
0	10000000
0	50000000
0	10000000
0	100000000
0	10000000
0	50000000
0	10000000
0	5000000
0	50000000
0	10000000
0	5000000
0	5000000
0	50000000
0	5000000
0	10000000
0	5000000
0	5000000
0	1000000
0	1000000
0	1000000
0	1000000
0	10000000
0	10000000
0	1000000
0	5000000
0	1000000
0	100000
0	1000000
0	100000
0	50000000
0	5000000
0	1000000
0	1000000
0	50000000
0	10000000
0	1000000
0	1000000
0	5000000
0	5000000
0	10000000
0	500000000
0	10000000
0	50000000
0	100000000
0	10000000
0	10000000
0	1000000
0	100000000
0	10000000
0	1000000
0	1000000
0	10000000
0	5000000
0	1000000
0	1000000
0	10000000
0	10000000
0	100000000
0	10000000
0	1000000
0	1000000
0	10000000
0	100000000
0	10000000
0	10000000
0	1000000
0	50000000
0	1000000
0	100000000
0	5000000
0	100000
0	5000000
0	5000000
0	1000000
0	100000000
0	500000
0	1000000
0	1000000
0	1000000
0	50000000
0	1000000
0	10000000
0	10000000
0	10000000
0	10000000
0	10000000
0	10000000
0	10000000
0	100000000
0	10000000
0	10000000
0	500000
0	10000000
0	10000000
0	1000000
0	1000000
0	50000000
0	1000000
0	10000000
0	100000000
0	500000
0	1000000
0	1000000
0	10000000
0	5000000
0	5000000
0	500000
0	500000
0	5000000
0	100000
0	500000
0	100000
0	100000000
0	10000000
0	50000000
0	5000000
0	1000000
2.49 	1000000
0	1000000
0.99 	1000000
0	1000000
0	5000000
0.99 	10000
0	10000000
0	5000000
0	10000000
0	5000000
0	10000000
0	5000000
0	1000000
0	10000000
0	10000000
0	10000000
0	10000000
0	10000000
0	10000000
0	10000000
0	5000000
0	100000000
0	100000000
0	1000000
0	5000000
0	50000000
0	1000000
0	1000000
0	1000000
0	1000000
0	5000000
0	1000000
0	50000000
0	10000000
0	10000000
0	10000000
0	1000000
0	10000000
9.99 	10000
4.49 	100000
0	10000000
0	10000000
0	10000000
0	100000000
0	1000000
0	10000000
0	1000000
0	500000000
0	10000000
0	100000000
0	10000000
0	1000000000
0	10000000
0	10000000
0	100000000
0	10000000
0	100000000
0	5000000
0	1000000
0	10000000
0	100000000
0	50000000
0	100000000
0	10000000
0	100000000
0	5000000
0	100000000
0	10000000
0	10000000
0	1000000
0	500000000
0	10000000
0	10000000
0	500000000
0	100000000
0	10000000
0	5000000
0	5000000
0	5000000
0	100000000
0	10000000
0	50000000
0	10000000
0	100000000
0	5000000
0	50000000
0	100000000
0	50000000
0	50000000
0	50000000
0	100000000
0	1000000
0	50000000
0	1000000
0	500000
0	1000000
0	1000000
0	10000000
0	1000000
0	10000000
0	1000000
0	10000000
0	1000000
0	1000000
0	100000000
0	10000000
0	5000000
0	100000000
0	10000000
0	1000000
0	10000000
0	100000000
0	1000000
0	50000000
0	100000
0	5000000
0	10000000
0	1000000
0	1000000
0	500000000
0	1000000000
0	100000000
0	10000000
0	100000000
0	100000000
0	100000000
0	10000000
0	100000000
0	100000000
0	100000000
0	500000000
0	100000000
0	100000000
0	5000000
0	1000000
0	5000000
0	1000000
0	10000000
0	1000000
0	5000000
0	10000000
0	1000000
0	100000000
0	10000000
0	100000000
0	10000000
0	10000000
0	100000000
0	500000
0	1000000
0	1000000
0	1000000
0	1000000
0	1000000
0	5000000
0	5000000
0	1000000
0	10000000
0	5000000
0	500000000
0	10000000
5.99 	100000
0	1000000000
0	5000000
0	100000000
0	100000
0	500000000
0	1000000
0	1000000
0	1000000
0	5000000
0	500000000
0	10000
0	5000000
0	10000
0	1000000
0	10000
0	10000
0	100000
0	10000
0	5000
0	1000000
0	50000
0	50000
0	100000
0	1000000
0	100000
0	10000
0	1000000
0	1000000
0	10000
0	50000
0	10000
0	50000
0	1000000
0	500000
0	100000
0	100000
0	100000
0	100000
0	10000
0	100000
0	1000000
0	5000
0	500000
0	100000
0	10000
0	500000
0	10000
0	100000
0	1000000
0	100000
0	100000
0	10000
0	100000
0	1000000
0	1000000
0	100000
0	100000
0	1000000
0	100000
0	10000
0	1000000
0	50000000
0	1000000
0	50000000
0	10000
0	10000000
0	1000000
0	10000000
0	1000000
0	1000000
0	1000000
0	10000000
0	5000000
0	500000
0	10000000
0	1000000
0	5000000
0	5000000
0	1000000
0	10000000
0	5000000
0	1000000
0	5000000
0	1000000
0	50000000
0	1000000
0	100000
0	10000000
0	1000000
0	10000000
0	500000
0	1000000
0	10000000
4.49 	100000
0	1000000
0	500000
0	500000
0	5000000
0	100000
0	1000000
0	1000000000
0	1000000
0	10000000
0	1000000
0	1000000
0	100000000
0	10000000
0	100000000
0	100000
0	500000
0	100000000
0	10000000
0	50000000
0	1000000
0	1000000
0	10000000
0	1000000
0	5000000
0	1000000
0	10000000
0	10000000
0	50000000
0	1000000000
0	10000000
0	1000000
0	50000000
0	50000000
0	1000000
0	50000000
0	5000000
0	1000000
0	5000000
0	1000000
0	1000000
0	1000000
0	10000000
0	10000000
0	10000000
0	500000000
0	1000000
0	500
0	1000000
0	1000000
0	1000000
0	10000
0	100000
0	500000000
0	5000000
0	10000000
0	1000000
0	10000000
0	10000000
0	1000000
0	1000000
0	10000000
0	1000000
0	1000000
0	5000000
0	1000000
0	10000000
0	5000000
0	10000000
0	1000000
0	10000000
0	50000000
0	1000000
0	500000
0	1000000
0	10000000
0	10000000
0	100000
0	1000000000
0	10000000
0	10000000
0	500000000
0	10000000
0	500000
0	500000
0	1000000
0	1000000
0	1000000
0	1000000
0	5000000
0	5000000
0	50000
0	1000000
0	1000000
0	1000000
0	1000000
0	5000000
0	500000000
0	1000000
0	1000000
0	5000000
0	1000000
0	1000000
0	500000
0	1000000
0	10000
0	1000000
0	1000000000
0	5000000
0	500000000
0	1000000
0	100000
0	1000000
0	100000
0	5000000
0	1000000
0	1000000
0	1000000
0	5000000
0	10000000
0	100000
0	1000000
0	10000000
0	1000000
0	1000000
0	1000000
0	10000000
0	10000000
0	100000
0	1000000
0	5000000
0	500000
0	5000000
0	1000000
0	10000000
0	1000000
0	10000000
0	10000000
0	500000000
0	10000000
0	10000000
0	1000000
0	10000000
0	1000000
0	10000000
0	1000000
0	100000
0	1000000
0	1000000
0	5000000
0	5000000
0	1000000
0	1000000
0	10000000
0	10000000
0	5000000
0	10000000
0	10000000
0	1000000000
0	1000000
0	5000000
0	500000000
0	100000000
0	5000000
0	10000000
0	10000000
0	5000000
0	5000000
0	1000000
0	100000000
0	50000000
0	500000
0	10000000
0	1000000
0	1000000
0	1000000
0	10000000
0	1000000
0	100000
0	5000000
0	5000000
0	5000000
0	5000000
0	1000000
0	1000000
0	1000000
0	1000000
0	100000
0	100000
0	1000000
0	1000000
0	5000000
0	1000000
0	1000000
0	5000000
0	1000000
0	1000000
0	5000000
0	1000000
0	5000000
0	1000000
0	1000000
0	10000000
0	100000
0	5000000
0	1000000
0	1000000
0	10000000
0	50000
0	1000000
0	1000000
0	5000000
0	500000000
0	10000000
0	50000000
0	1000000
0	1000000
0	500000
0	10000000
0	50000000
0	5000000
0	500000000
0	100000000
0	1000000
0	10000
0	100000000
0	10000000
0	50000000
0	500000
0	10000
0	500000000
0	100000000
0	10000
0	500000
0	50000000
0	500000
0	5000000
0	100000000
0	1000000000
0	100000000
0	1000000
0	500000
0	10000000
0	50000000
0	50000000
0	50000
0	1000000000
0	10000000
0	100000000
0	500000000
0	100000000
0	1000000000
0	100000000
0	50000000
0	100000000
0	100000000
0	10000000
0	10000000
0	100000000
0	500000
0	500000
0	10000000
0	50000000
0	50000000
0	100000000
0	10000000
0	10000000
0	1000000
0	5000000
0	5000000
0	1000000000
0	5000000
0	100000000
0	500000
0	10000000
0	500000
0	500000000
0	5000000
0	10000000
0	500000
0	1000000
0	1000000
0	100000000
0	100000000
0	5000000
0	1000000000
0	1000000
0	100000000
0	100000000
0	1000000
0	1000000
0	10000000
0	50000
0	100000000
0	50000000
0	100000000
0	10000
0	10000
0	10000000
1.99 	100
0	10000000
1.49 	100
0	50000000
0	10000
0	500000
0	1000000
1.99 	5000
3.99 	10000
1.70 	1000
0	50000000
0.99 	100
0	50000
0	50000
0	500000000
0	50000
0	100000000
0	50000000
0	100000000
0	10000000
1.99 	1000
0	1000
0	5000
0	50000000
0	100000
0	50000
0	1000
0	500
0.99 	500
0	100000000
0	100000000
0	1000000
0	1000000
0	50000
0	100000
0	10000000
2.99 	50000
0	500000000
0	1000000
0	1000000000
2.99 	10000
0	50000
0	1000000
0	10000000
0	50000
0	1000
0.99 	10000
0	100000
0	500000000
0	10000
0	1000000
0	10000
0	100000
0	1000
0	5000
0	50000
0	5000
0	10000
0	100000
0	5000
0	100000000
0	10000
0	100000
0	100000
0	50000
0	1000
0	100000
0	5000
0	5000
0	50000
0	5000
0	10000
0	10000
0	5000
0	100000000
0	100000000
0	10000000
0.99 	10000000
0	10000000
0	100000000
0	100000000
0	50000000
0	500000000
0	100000000
0	500000000
0	50000000
0	100000000
0	100000000
0	100000
0	50000000
0.99 	100000
0	500000000
0	50000000
0	10000000
0	100000000
0	100000000
0	1000000
0	100000000
0	100000000
0	100000000
2.99 	100000
0	500000
0	100000000
0	50000000
0	100000000
0	1000000
0	10000000
0	10000000
0	5000000
0	100000
0	1000000
0	100000000
0	10000000
0	10000000
0	5000000
0	100000000
0	10000000
0	100000000
0	1000000
0	10000000
0	500000
0	500000
0	10000000
0	100000000
0	100000
0	500000
0	100000000
0	100000000
8.99 	100000
0	5000000
0	100000000
0	100000000
0	10000000
0	10000000
0	500000
0	1000000
0	100000
0	5000000
0	5000000
0	1000000000
0	500000
0	1000000000
0	100000000
0	10000000
0	100000000
0	100000000
0	1000000
0	1000000000
0	500000000
0	100000000
0	50000000
4.99 	10000
0	500000
0	1000000
0	100000000
0	100000
0	5000
0	50000
0	500000000
0	100000
0	50000
0	50000
0	500000
0	1000
0	50000
0	500000000
0	100000000
0	500000
0	5000
0	50000000
2.99 	10
0	100000
0	5000
0	500
0	500000
4.99 	100000
5.99 	500000
39.99 	5
0	10000
0	50000
2.49 	10
0	500000
2.00 	10
1.49 	500
0	10000000
0	5000
0	10000
0	1000000000
0	50000000
0	50000000
0	500000000
0	50000000
0	5000000
0	1000000000
0	100000000
0	100000
0	1000000000
0	1000000
0	100000
4.99 	5000
0	10000
1.70 	1000
0	50000000
0	5000000
1.49 	1000
0	100000
0	500000
0	100000
2.99 	100
3.88 	100
0	10000
0	50000
0.99 	5000
0	1000000000
0	50000
14.99 	5000
1.49 	500
0	50000
0.99 	5000
0	50000
25.99 	10
1.49 	500
0	1000
0	10000
5.99 	100
0	100000000
0	5000000
0	100000
0	10000000
0	10000000
0	100000
0	100000000
0	5000
1.99 	5000
0	1000000
3.99 	500
0	1000
0	500000
0	10000
0	5000
399.99 	100
0	1000000
0	5000
0	5000000
0	1000
0	10000
17.99 	10000
0	10000
0	10000000
0	50000
0	1000000
0	100
0	1000
0	10000
0	100000000
0	50000
0	50000
0	10000
0	1000000
1.99 	50000
0	100000000
0.99 	1
0	10000000
0	500000
0	5000000
0	500000000
0	500000
0	50000000
0	1000000
0	1000000
0	100000000
0	1000000
0	100000000
0	500000
0	10000000
0	50000000
0	10000000
0	1000000000
0	100000000
0	1000000
0	5000000
0	5000000
0	10000000
0	5000000
0	10000000
0	5000000
0	10000000
0	10000000
0	1000000
0	1000000
0	100000000
0	10000000
0	100000000
0	100000
0	10000
0	50000000
0	10000
0	10000000
0	50000000
0	1000
0	100000000
0	10000
0	100000
0.99 	1000000
0	50000000
0	10000000
0	1000
0	50000
1.99 	10
0	1000
0	10000000
0	1000
0	500
0	1000
0	10000
0	1000
0	100
0	1000
0	10000
0	10000
0	10000
0	500
0	100000000
0	50000
0	500000
4.99 	10000
0	100000
0	50000000
0	10000000
0	100000
0	10000000
0	1000
0	100000
0	100000
0	100000
0	100000
1.99 	500
0	5000
0	1000000
0	500000
0	100000
0	1000
1.99 	1000
0	10000000
5.99 	1000
0	100000000
0	1000
0	1000
0	100000
0	10000
0	5000
0	100
0	5000
0	1000
0	10000
0	5000
0	1000000
0	100000
0	10000
3.99 	100
0	10000
0	10000
0	10000
0	10000000
0	100000000
0	50000000
0	50000000
0	5000000
0	50000000
0	50000000
0	10000000
0	500000
0	100000000
0	1000000
0	50000
0	50000
0	100000
0	10000000
0	1000000
0	500000
0	1000000
0	100000000
0	10000000
0	100000
0	100000
0	50000
0	10000000
0	10000000
0	100000
0	50000000
6.99 	10000000
0	10000000
0	1000000
0	10000
0	1000000
0	1000000
0	50000000
0	100000
0	50000000
0	10000
0	100000
2.99 	1000
0	10000
0	100000
0	5000
399.99 	10000
0	50000
0	5000
0	500000000
0	100000
400.00 	10000
0	1000000
0	10000000
0	100000
0	10000
0	10000
0	10000
0	100000
0	10000
0	10000
0	10000000
0	10000
0	1000000
2.99 	100000
0	5000000
0	1000000
0	1000000
0	500000
0	1000000
0	10000
0	10000000
0	10000
0	50000
0	1000000
4.99 	1000
0	100000
0	100000
0	10000
2.99 	5000
0	1000000
2.99 	100000
0	5000000
0	5000000
0.99 	10000
0	1000000
0	1000000
2.49 	1000
0	500000
2.99 	10000
0	50000
0	1000000
0	50000
0.99 	1000
0	100000
3.99 	10000
0	100000
2.99 	100000
0	10000
0	50000
2.49 	1000
1.99 	5000
0	10000
4.99 	10000
0	1000000
0	100000000
0	100000000
0.99 	10000
0	100000
0	1000000
0	10000000
1.99 	10000
0	50000
2.49 	10000
0	100000
0.99 	100
0	50000
3.02 	100
0	50000
0	1000000
0	500000
6.99 	5000
0	1000000
0	100000
0	100000
0	5000
0	500000
0	10000000
0	100000
0	50000
0	10000000
0	10000000
0	100000000
0	1000
1.99 	100
1.49 	5
0.99 	100
1.49 	1000
0	100000
0	1000000
0.99 	100
1.49 	10
1.49 	500
1.49 	1
1.49 	100
0.99 	10000
0.99 	10
0	5000
0	10000000
1.49 	0
1.49 	100
0	10000
1.49 	100
0	50000
0	500
1.49 	1
0	5000
0	10000
0	100000000
0	1000
0	100000
0.99 	100
0	1000
0	10000
0	100000
0	10000
0	500
0	1000
0	10000
0	1000
0	10000
1.49 	5000
0.99 	500
0.99 	10
0	10000
0.99 	5000
0	100000
0	500000
0	1000000
0	500000
0	500000
0	10000
0	50000
0	1000000
0	1000000
0	10000000
0	1000000
0	10000000
0	500
0	500000
0	100000
0	1000
1.49 	100
0	5000
0	10000
0	100000
0	10000
0	500000
0	10000
0	100000
0	100000
0	50000000
0	10000000
0	1000
0	1000
1.76 	50
0	10000
0	10000
0	5000
0	5000
0	100000
0	100000000
0	100000
0	10000
0	1000
0	1000
0	1000
0	500000
4.84 	1000
0	100000
0	1000000
0	5000
0	1000
0	1000
0	10000
0	10000
1.99 	50000
0	5
0	10000
0	1000
0	10
0	100000
0	1000
0	50
0	1
0	10
0	5000
0	50
1.99 	100000
0	5000
4.99 	100000
0	1000
0	5000
4.77 	50000
0	100000
0.99 	100
0	100
0	100000
0	500
0	10
0	500000000
0	1000000
0	100000000
0	1000000
0	1000000
4.99 	1000
0	100000
0	10000000
0	100000000
0	10000000
0	1000000
1.99 	1000
0	100000000
0	1000000
0	50000000
0	500000
0	50000
0	50000
0	1000000
2.49 	100
0	100000000
0	100000000
0	10000000
0	50000000
0	10000000
0	10000000
0	100000000
0	50000000
0	1000000
0	1000000
0	10000
0	100000
0	1000000
0	1000000
0	10000000
0	5000000
0	100000000
0	10000000
0	500000
0	50000000
2.99 	10000
0	10000000
0	10000
0	10000000
0	1000000
0	5000000
4.99 	100000
4.99 	10000
0	10000000
0	1000
5.99 	5000
2.99 	5000
0	5000000
4.99 	10000
1.61 	1000
0.99 	10000
0	100000
0	1000000
0	5000
0	50000
0	1000000
0	1000000
0	1000000
0	500000
0	5000000
0	10000000
0	10000000
0	100000000
0	100000000
0	500000
0	10000
3.99 	5000
0	100000
0	10000
0	50000
0	50000
0	50000
0	100000
0	1000
0	500000
0	10000
0	100000
0	500000
0	5000
0	10000
0	10000
0	100000
0	10000
0	100000
0	50000
0	10000000
0	10000
0	500000
0	5000
0	10000
0	100000
0	100000
2.49 	10000
0	100000
0	100000
0	100000
0	500000
0	100000
0	5000
0	10000
0	10000000
0	1000000
0	50000000
0	100000
0	5000000
0	500000000
0	1000000
0	100000
0	500000
0	10000000
0	100000000
0	10000000
0	50000000
0	1000000
0	50000000
0	50000000
0	100000
0	100000000
0	500000
0	5000
0	100000
0	1000000
0	100000
7.99 	100000
0	100000
0	100000000
9.99 	50
0	1000000
0	10000
3.99 	50000
0	10000
0	1000
0	100000
0	500000
0	5000
0	5000
0	10000
0.99 	50000
0	100000
0	100000
14.99 	10000
0	100000000
0	5000
0	5000
0	100000000
1.99 	500
0	100000000
0	10000000
0	5000
0	100000000
0.99 	1000
0	50000000
0	50000
0	10000000
0	50000000
0	10000
0	10000000
0	5000
0	100000
0	10000000
0	10000
0	1000000
0	10000
0	1000000
0	5000
0	5000000
0	50000
0	10000000
0	10000000
0	5000000
0	10000
0	10000000
1.99 	10000
0	100000000
0	50000000
0	5000000
0	5000000
0	100000000
0	100000
0	5000000
0	100000
0	5000000
0	100000
0	50000
1.99 	5000
0	10000000
0	1000000
0	1000000
1.99 	10000
0	100000
0	1000000
0	5000000
0	10000000
1.99 	1000
0	500000
0	10000
0	1000000
0	100000
0.99 	10000
0	1000000
0	1000000
0	500000
0.99 	5000
0	50000
0	100000
2.99 	50
0	500000
0	1000000
0.99 	10000
0	100000
3.99 	1000
0	1000000
0	1000000
0	1000000
0	100000
0	100000
0	500000
1.49 	100000
1.99 	10000
0	100000
0	100000
0	1000000
0	50000000
0	500000
0	10000000
0	10000000
0	100000000
0	50000000
0	10000000
0	100000000
0	10000000
0	10000000
0	1000000
0	5000000
0	5000000
0	5000000
0	5000000
0	100000000
0	100000000
0	10000000
0	1000000
0	100000000
2.99 	50000
0	10000000
0	10000000
0	10000000
0	5000000
0	50000000
0	1000000
0	1000000
0	50000000
0	10000000
0	1000000
0	100000000
0	5000000
0	100000
0	10000000
0	1000000
0	1000000
0	5000000
0	50000
0	10000
0	100000
1.49 	1000
0	100000
0	500000
0	1000000
0	10000
0	1000000
0	10000
0	5000000
0.99 	1000000
0	10000
2.50 	10000
5.99 	100
0	1000000
0	500000
19.99 	10
0	100000
0	5000
0	1000000
0	10000
0	5000000
0	10000000
0	500000
0	10000000
0	1000
0	1000000
0	10000000
0	5000000
0	10000000
0	10000000
0	1000000
0	100000000
0	100000
0	100000
0	100000
1.99 	50000
0	100000000
0	10000000
0	5000
0	10000000
0	1000000
0	50000000
0	1000000
0	10000
0	100000
0	500000
0	10000
0	100000
0	1000
1.59 	10000
0	100000
0	500
0	50000
0	50000000
0	10000
0	1000000
0	1000
0	100000000
0	10000
0	1000000
0	1000
0	1000
0	1000000
0	1000000
0	10000
0	1000000
0	100000
0	500000
1.99 	500000
0	100000
0	1000000
0	500000
0	100000
0	5000
0	10000
0	1000000
0	50000
0	100000
0	10000
0	10000
0	10000
0	100000
0	5000
0	50000
0	5000
0	50000
0	1000000
0	100000
0	10000
0	100000
0	100000
0	50000
0	10000
0	10000
0	10000
0	1000000
0	100000
0	10000000
0	1000000
0	100000
0	100000
0	50000
0	1000
0	50000
0	100000
9.99 	1000
0	10000
0	1000000
0	500000
0	10000000
0	500000
0	1000000
0	1000000
1.49 	10000
0	500000
0	10000000
0	50000000
0	1000000
1.99 	10000
2.99 	50000
0	50000
0	1000000
2.99 	10000
0	50000
0	1000000
1.99 	10000
0	50000
0	1000000
0	10000
2.99 	100000
3.99 	1000
2.99 	10000
0	1000000
0	10000
0	100000
0	100000
0	1000
0	100000
0.99 	5000
0	1000000
6.49 	100
0	5000000
0	500000
0	50000
1.29 	1000
0	50000
0	5000000
2.99 	10000
0	100000
0	100000
0.99 	1000
0	100000
0	100000
0	100000
0	5000000
0.99 	10
0	10000000
0	1000000
0	1000000
0	5000000
0	50000
0	100000
0	5000
0	10000
0	100000
0	1000000
0	500000
0	50000
0	500000
0	1000000
0	100000
0	1000000
0.99 	100000
0	1000000
0	50000
0	50000
0	500000
0	100000
0	1000000
0	1000
0	10000
0	5000000
0	1000
0	1000
0	100000
0	100000
0	10000
0	10000
0	10000
0	10000
0	10
0	10000000
0	10000
0	10000
0	1000000
0	500000
0	100
0	50000
0	10000
0	1000
0	5000000
0	1000
0	10000
19.99 	1000
0	10000000
0	10000
0	10000
4.99 	5000
0	100
0	10000000
0	1000
0	100000
0	10000
0	10000
0	1000
0	5000000
0	10000000
0	5000
5.00 	100
0	100
0	500
0	10000
0	5000
0	50
0	100000000
0	10000000
0	100
0	500000
0	100
0	10000000
0	5000000
0	1000
0	1000000
0	1000
0	1000000
0	100
0	5000000
0	1000
0	10000000
0	100
0	10000000
0	10000000
0	10000000
0	5000000
0	100000000
0	10000000
0	1000000
0	1000000
0	500000
0	1000000
4.99 	500
0	10000
0	10000
0	1000
0	5000
0	500
0	10000
0	1000
0	10000
0	1000
0	1000
0.99 	5000
0	100000
0	100
0	5000
0	1000
0	100
0	10
0	100
0	1000
0	10000
0	1000
0	100
0	1000
0	100
0	50
0	100
0	1000
0	10
0	50
0	50
0	50
0	100
0	500
0	10000
0	100
0	100
0	100
0	10000
0	100
0	1000
0	5
0	500
0.99 	1
0	10
0	50000
0	100
0	100000
0	100
0	100
0	1000
0	50
0	100
0	50
0	10000
0	50000
0	100
0	50
0	100
0	100
0	10000
4.99 	100
0	100
0	100000
0	100
0	100
0	5000
0	100
0	50
0	100
0	100
0	100
0	100
0	500
0	50
0	100000
0	50
0	1
0	50
0	100
0	100
0	100
0	100
0	10
0	100000
0	100
0	100
0	50
0	1
0	50
0	100
0	10
0	50000
0	50
0	100
0	1000000
0	100000
0	50000
1.99 	5000
0	1000000
0	1000
0	50000
0	1000000
0	10000
0	100000
0	10000
0	50000
0	50000
0	1000000
0	10000
0	1000000
0	10000
0	5000
0	100
0	1000
0	1000
0	100
0	1000
0	100000
0	100000
0	500
0	1000000
0	1000
0	100000
0	5000
0	10000
0	5000000
0	10000000
0	100
0	100000
0	100
0	100
2.99 	1000
0	5000
2.99 	100
0	500
0	1000
0	10000
2.49 	500
0	10000
0	5000000
1.99 	50000
0	50000
0	100000
0	10000
0	1000000
0	1000
0	100
0	10
0	100
0	1000000
0	10
0	500
0	10000
3.99 	100
0	500
0	500
0	10
0	1000
0	1000
0	100
0	100
0	10
4.99 	10
0	10
0	10000
0	100
0	100
0	100
0.99 	100
0	50
0	5000
0	100
0	5
0.99 	50
0	1000
0	50
0.99 	10
0	100000
0	5
0.99 	50
0	5
0.99 	10
0	10
0	500000
0	10
0.99 	10
0	100
0	500
0	100000
0	100000
0	100
0	500000
0	50000
0	1000
0	10000
0	1000
0	5000
0	100
0	10000
0	10000000
0	50000
0	10000
0	500
0	1000000
0	500
0	500
0	100
0	1000
0	100
0	10000000
0	10000000
0	10000
0	10
0	5000
0	10
0	500
0	1000
0	1000
0	10
0	100
0	5000
0	10000
0	5000000
13.99 	0
0	100
0	5000000
0	1000
0	50000
0	10000000
0	50000
0	50000
0	1000
0	10000
0	10000
0	10000
0	10000000
0	50000
0	500000
0	10000000
0	10000000
0	10000000
0	1000000
0	100000
0	1000000
0	50000
0	1000000
0	100000
0	1000000
0	5000000
0	100000
0	5000000
0	500000
0	10000
0	50000
0	500000
0	1000000
0	1000000
4.49 	10000
0	1000000
0	100000
0	50000
0	10000000
0	50000
0	50000
0	100000
0	10000000
0	100000
399.99 	100000
0	10000
0	10000000
399.99 	10000
299.99 	10000
399.99 	50000
379.99 	1000
399.99 	1000
399.99 	5000
37.99 	1000
18.99 	10000
399.99 	5000
0	1000000
399.99 	1000
0	1000
389.99 	10000
4.99 	10000
0	10000
399.99 	5000
0	10000
2.49 	5000
0	100000
399.99 	1000
0	100000
0	100000
0	100000
0	500000
0	10000
0	1000000
0	1000000
0	10000000
0	100000
0	10000000
0	10000000
0	10000000
0	5000000
0	10000000
0	10000000
0	10000000
0	1000000
0	5000000
0	10000000
0	5000000
0	5000000
0	1000000000
0	10000000
0	5000000
0	1000000
0	10000000
0	1000000
0	100000
0	1000000
0	5000
0	1000
0	1000000
0	10000
0	100
0	10000000
0	100000
0	1000000
2.99 	100000
2.99 	100000
0	1000000
2.99 	1000
0	10000000
0	10000000
0	100000000
0	10000000
0	10000000
0	5000000
0	1000000
0	5000000
0	5000000
0	10000000
0	5000000
0	100000
0	10000000
0	1000000
0	10000000
0	10000000
0	100000
0	10000000
0	10000000
0	5000000
0	1000000
0	1000000
0	10000000
0	50000000
0	10000
0	100000
0	100000
0	10000000
0	5000000
0	10000000
0	10000
0	10000000
0	1000000
0	1000000
0	5000
0	1000
0	100000
0	10000
0	10000
0	10000
0	10000
0	5000
0	100
0	5000
0	1000
0	5000
0	1000
0	10000
0	500000
0	100000
2.99 	1000
2.99 	10
0	100000
0	10000
0	10000
0	5000
0	10000
0	10000
0	10000
0	1000000
9.99 	100
1.49 	500
0	5000
0	1000
4.99 	100
0.99 	5
0	50000
4.99 	10
0	1000000
0	1000
0	5000
1.99 	0
0	5000
0	1000
29.99 	10
1.99 	1000000
0	1000
0	1000000
0	100000
0	50000
0	500000
0	100000
0	10
0	100
0	10
2.99 	1
0	500
0	500
0	10000
0	1000
0	10000000
0	50
0	1000
0	10
0	10
0	5
0	10
0	50000000
0	5000
0	10000
0	1000000
0	10000000
0	10000000
0	50000000
0	10000000
0	5000000
0	1000000
0	10000000
0	5000000
0	10000000
0	1000000
0	5000000
0	5000000
0	10000
0	100000
0	1000000
0	5000000
0	1000000
0	50000
0	10000000
0	1000000
0	5000000
0	10000000
0	100000
0	1000
0	10000000
0	100000
0	50000
0	5000000
0	10000000
0	1000000
0	100000
0	100000
0	50000000
0	10000
0	100000
0	10000
0	10000
0	10000
0	1000000
0	5000
0	10000
0.99 	1000
0	5000
0	10000
0	1000000
0	1000000
0	5000
0	10000
0	50000
0	1000
0	100000
0	1000
0	5000
0	1000000
0	10000
0	50000
0	10000
0	1000000
0	5000000
0	50
0	100000
0	100000
5.99 	1000000
0	100000
0	10000
0	10000000
0	10000000
0	100000
0	50000
0	500000
1.99 	50000
0	1000
0	5000000
0	10000000
0	10000000
0	5000000
0	5000000
0	10000000
0	10000000
0	10000000
0	500000000
0	5000000
0	10000000
0	5000000
0	5000000
0	100000000
0	5000000
0	5000000
0	1000000
0	50000000
0	50000000
0	5000000
0	1000000
0	10000000
0	10000000
0	10000000
0	50000000
0	5000000
0	500000
0	1000000
0	1000000
0	10000000
0	10000000
0	1000000
0	5000000
0	5000000
0	5000000
0	5000000
0	1000000
0	5000000
0	1000000
2.99 	500000
0	100000
0	5000000
0	1000000
2.99 	1000000
0	1000000
0	1000000
0	100000
0	10000000
0	100000
0	1000000
0	500000
0	100000
0	5000000
2.99 	100000
0	100000
0	100000
0	500000
2.99 	100000
0	10000
0	100000
2.99 	100000
0	50000
0	1000000
0	100000000
0	1000000
0	1000000
0	10000
0	1000
0	1000000
0	100000
0	50000
0	100000
0.99 	10000
0	10000
0	1000
0	100000
0	1000000
0	100000
0	100000
0	1000
0	10000
0	100
0	100000
0	10000
0	1000
0	50000
0	10000
0	1000
0	100
0	1000
0	1000000
0	500000
0	1000
0	10000
0	5000
0	5000
0	100000
0	1000
0	10000
0	10000
0	100
0	1000000
0	1000
0	1000000
0	10000
0	50000
0	10000
0	100000000
0	100000
0	100000
0	10000
0	5000
0	1000
2.49 	1000
0	10000000
0	1000
0	10000000
0	10000
0	100000
0	5000
0	100000
0	1000000
0	50000
0	1000
2.99 	5000
0	1000
0	10000000
0	50000
0	50000
0	10000
0	1000
0	50000000
0	10000000
0	50000
0	10000
0	10000
0	5000
0	1000
0	10000
0	1000000
0	10000000
0	5000
0	50
0	10000000
0	1000000
0	100
0	100000
0	100000
0	1000
0	1000000
0	5000
19.90 	100
0	100000
0	100000
0	500
0	100000
0	50000
0	500
0	1000000
0	1000
0	100000
0	50000
0	10
1.99 	1000
0	100000
0	5
0	100
0	500
1.99 	100
0	100
0	5000
0	50000
0	1000000
0	5000000
0	1000
0	1000
0	100000
0	5000
0	10000000
0.99 	10000
0	10000000
0	100000
0	1000000
0	10
1.99 	100000
0	100000
0	100000
0	1000
0	100
0.99 	1000
0	1000000
0	100000
0	10000
0	100000
0	500000
0	10000
0	1000000
0	10000
0	10000
0	100000
0	100
0	5000
0	100000
0	50000
0	100
0	1000
0	1000
0	50
0	500
0	5000
0	10
0	5000
0	5
0	10000
0	1000000
0	10
0.99 	10
0	50000
0	50000
0	50
0	10000
0	100
0	100
0	1000
0.99 	1
0	100000
0	10000
0	1000
0	1000
0	50
0	500000
0	500
0	1000
0	1000
0	100
0	500000
0	50
0	100
0	5000
0	5000
0	100
0	5000
0	100
0	500
1.99 	1
0	1000
0.99 	10
0	10
0	500000
0	1
0	1000
0	100
0	10000
0	100
0	10000
0	10
0	10000
0	10
0.99 	1
4.99 	1000
0	10000
0	100000
0	10000
0	10
0	1000
0	1000
0	10
0	5
0	1000000000
0	1
0	10000
0	1000000
0	10000000
0	5000000
0	10000000
0	10000000
0	10000000
0	10000000
0	10000000
0	5000000
0	5000000
0	10000000
0	100000
0	10000
0	1000000
0	1000000
0	100000
0	500000
0	5000
0	10000
0	10000
0	10000
0	10000
0	1000
0	500
0	500
0	100000
0	10000
0	1000
0	10000
0	500
0	10000
0	50000
0	1000
0	10000
0	10000
0	1000
0	100
0	1000
0	10000
0	10000
0	1000000
0	100000
0	1000
0	5000
0	10000
0	100000
0	5000
0	10000
0	10000
0	50000
8.49 	1000
0	1000000
3.99 	1000
3.99 	500
0	5000
1.99 	1000
0	5000
0	500000
1.49 	1
0	100
0	10000
0	10000
0	1
0	10000
0	100
1.99 	5
0	1000
0	10000
1.49 	100
0	100000
0	10000
0	10000
0	10000
0	50000
0	1000
0	100000
0	10000
0	50000
0	50000
0	50000
0	10000
0	100
0	1000
2.99 	10
0	500
0	5000
2.99 	0
0	1000000
0	100000
0	10000000
0	100000
0	100000000
0	10
0	5000000
0	100000
0	10000000
2.99 	5000
0	500000
4.49 	1000
0	100000
3.99 	1000
0	1000
0.99 	100
0	1000
0	5000
0	5000000
0	50000
1.75 	50
0	100
0	500
0	100
0	500
0	1000000
0	1000
4.99 	50000
0	5000
0	10000
0	50
1.49 	10
1.49 	50
0	10000
0	500
0	1000
4.99 	100000
0	1000
0	1000
0	100
0	1000
0	500
0	100
0	1000
0	1000
0	100
0	50
0	500
11.99 	100000
0	500
0	100
0	1000
0	100
0	5000000
0	1000000
0	10000
0	5000
0	1000000
0	500000
0	500000
0	10000
0	10000
0	5000
0	500000
0	50000
0	10
0	1000
0	5000
0	10000
0	100000
0	1000
0	10000
0	1000
0	1000
0	10000
0	500
0	500
0	100
0	1000
0	100000
0	50000
0	5000
0	50000
0	10000
0	500
0	10000
0	500000
0	100000
0	5000
0	100
0	100000
0	100000
0	5000
0	500000
0	10000
0	1000000
0	100000
0	500
0	5000
0	100
0	10
0	500
0	100
0	100000
0	100000
0	10000000
0	500000
0	100000
0	100000000
0	100
1.99 	1000
0	50000
0	100000
0	10000000
0	100000
0	1000
0	10000
0	5000000
0	100000
0	1000000
0	1000
0	50000000
0	50000000
0	100000
0	50000000
0	5000000
0	5000
0	5000
0	100000
0	10000000
0	10000
0	50000000
0	100000
0	10000000
0	10000000
0	1000000
0	5000000
0	1000000
0	10000000
0	100
0	10000000
0	10000000
0.99 	1000
0	10000
0	10000
0	10000
0	50000
0	1000000
0	50000
0	100000
0	5000000
0	10000000
0	10000
0	1000
0	100000
0	50000
0.99 	1000
0	5000000
0	100000
0	1000000
0	500000
0	1000
0	1000
0	1000
0	1000
0	100000
0	5000
0	1000000
0	1000
0.99 	5000
0	10000
0	50
0	10
0	50
1.99 	50000
0	50000
0	100
0	100000
0	1000000
0	100000
0	1000
0	10000
0	1000
0	500
0	1000
0	10000
5.99 	500
0	100000
0	1000
0	100
0	1000
0	10000
0	5
0	1000
2.99 	5000
0	10000
0	10000000
0	1000
0	1000
0	500
0	1000
0	100
0	5000
0	100
0	1000
0	10
0	100
0	100
0	10
0	100
0	1000
0	10
0	1000
0	1000
0	100000
0	50000
0	100
0	500
0	500
0	1000
0	1000000
0	1000000
0	500
0	1000
0	500
0	100
0	1000
0	100
0	10
0	1000
0	100
0	1000000
0	5000000
1.49 	10
9.99 	100000
4.99 	50000
0	1000
0	10
0	10000000
0	100000
0	100
0	5000000
0	1000
0	10000
0	10
0	500000
0	50
0	1000000
0	1000000
0	5000000
0	100000
0	10000
7.99 	10000
0	10
0	100000
3.99 	100
4.99 	100000
0	100000000
0	100000
9.99 	50000
0	10000000
0	50000
0	50
0	100000
0	1000000
0	500000
0	10000000
0	1000000
0	5000000
0	10000
0	100000
2.49 	100000
0	500
0	100000
0	1000000
0	10000
0	1000
0	1000
0	10000
0	10
0	500
0	1000
0	100000
0	10
0	10
0	1000
0	10
0	100
0	500
0	1000
0	100000
0	100
0	10
0	1
0	10
0	1000
0	1000
0	10
0	5000
0	10000
0	5000
0	1000
0	50000
0	50000
0	100
0	1000000
4.99 	50000
0	1000
0	10000
0	500
0	5000
0	1
0	10
0	50
0	100
0	500
0	100000
0	500000
0	100000
0	10000
0	1000
0	5000
0	10000
0	100000000
0	1000
0	10000
0	100
0	10000
0	10000
0	100
0	10000
0.99 	1
0	1000
0	1000
0	10000
0	10000000
0	5000
0	5000
0	1000000
0	1000000
0	10000000
0	50
0	10000000
0	10000000
0	10000000
0	10
0.99 	10
0	50000000
0	10000000
0	10000000
0	10000000
0	50000000
0	5000000
0	5000000
0	10000000
0	1000000
0	10000000
0	10000000
0	5000000
0	5000000
0	100000
0	500000
0	10000
0	10000
0	50000
4.49 	500
0	10000
0	100
0	500
0	1000
0	5000
0	50000
0	100
0	1000
0	100
0	10000
0	500000
0	10000
0	5000000
0	100
0	50000
0	10000000
0	10
0	500
0	100
0	1000000
0	500
0	100
0	100000
0	500
0	10
0	5
0	10000000
0	10
0	10000000
14.00 	100
0	10
0	1000000
0	1000000
0	5
2.99 	100
0	100000
0	10000
0	100000
0	100000
0	100000
0	500000
0	100000
0	100000
0	5000000
0	5000000
0	1000
0	100000
0	5000
0	5000
1.99 	10000
0	5000
0	50
0	100
0	50
4.85 	50
0	100
0	100000
0	1000
0	10000
0	500
0	100
0	100000000
0	100000
0	1000
0	1000
0	10
0	10000
0	1000
0	10000
0	1000
0	1000
0	10000
0	5000
0	10000
0	50000
0	10000
0	10000
0.99 	5
0	10000
0	100
0	5000
0	100
0	100
0	10000
0	1000
0	10000
0	50
0	5
0	500000
0	10000
0	10000
0	100000
0	10000
0	10000
0	100000
0	1000000
0	1000000
0	5000
0	10000
0	100000
0	100000
14.99 	10
0	100000
0	50000
0	10000
0	100000
0	100000
0	1000
0	10000
0	1000
0	100
0	10000
0	500000
3.99 	100
0	50000
0	5000
1.99 	50
3.99 	100
0	10
0	10000
2.00 	500
0	100
0	1000
0	100
0	100
0	5
0	10000
0	1000
1.99 	10000
0	1000
0	100
0	50
0	10
0	10
3.99 	500
0	10000
0	100000
0	100000000
0	1000000
0	50000
0	1000000
0	50000
0	100000
0	100
0	100
2.99 	1000
0	10000
3.99 	500
0	100
0	10000
0	10000
0	50000
0	100
0	100000
0	1000
0	1000
0	100
0	1000
0	10
0	10000
0	100000
0	5
0	500
0	100
0	100000
0	1000
0	500
0	1
0	500
0	10
0	500
0	10
0	100
0	1000000
0	1000000
0	1000
0	50
0	10000
0	100
0.99 	1000
0	100
0	10
0	10
0	500
0.99 	1000
0	10000000
0	500000
0	5000
0	100000
0	500000
0	100
0	100000
0	100000
0	10000
0	100
0	10000
0.99 	10
0	500000
0	5000
0	10000
0	1000
0	100
0	10000
0	10000
0	5000
0	1000
0	100
0	10
0	5000
0	50000
0	10000
0	5000
0	5000
0	10000
0	1000
0	5000
0	1000
0	1000
0	50
0	5000
0	50000
0	1000
6.99 	5000
0	10000
0	1000
0	10000
6.99 	1000
0	10000
0	10000
0	5000
0	1000
0	1000
0	50
0	10
0	100000000
2.99 	100000
0	1000000
2.99 	1000
0	10000
0	50000000
0	50000000
2.49 	1000
0	100000000
1.99 	100
0	10000
0	500
0	100000
46.99 	10
0.99 	1000
0	5000000
0	10000000
0	10000
0	1000000
2.49 	1000
0	1000000
0.99 	100
0	1000000
0	1000
2.99 	1000
0	10000000
0	5000000
0	10000000
0	10000
0	5000000
0	5000
0	10000000
0	50000000
0	50000000
0	1000000
0	10000
0	10000
0	10000
0.99 	10000
0	5000000
0	1000000
0	500000
0	1000
0	1000
0	1000000
0	100000
0	10000000
0	1000
0	10000
0.99 	1000
5.99 	50
0	10000
0	5000
0	10000
0	10000
0	1000
0	500
0	1000
0	100
0	50
0	100
0	1000
0	500000
0	5000
0	1000
0	1000
0	1000
0	10
0	1000
0	100000
0	50000
0	1000
5.49 	1000
0	1000
0	1000
0	10000
0	50
0	100
109.99 	1
0	500000
0	10000
0	1000000
0	1000000
0	5000
0	1000000
0	100
0	5000
0	1000
0	100
0	1000000
0	1000
0	1000
0	5000
0	50
0	1000
0	1000
0	50
0	5000000
0	100
0	100
0	50
0	10000
0	5000
0	50000
0	5000
0	100000
3.95 	100000
0	50
0	10000000
0	1000
0	500000
0	5000
0	1000000
0	100
0	10000
0	10000000
0	1000000
0	50000
0	50
0	100
0	5000000
0	100
0	50
0	100
0	5
0	10
0	1000
0	5000000
0	100000
0.99 	1000000
0	1000000
0	100000
0	50000
0	10000000
4.49 	100000
0	5000
0	5000
0	100
0	10000
0	1000
0	500
1.49 	5000
0	100000
0	100
0	10000
0	100000
154.99 	0
0	5000
0	10000
0	50
0	10
0	100000
0	100
0	1000
0	5
0	100
0	50000
0	50
0	5000
0	10000
0	1000
0	10000000
0	100000
0	10000
0	10
0	500
0	100000
0	5000000
0	1000000
0	1000000
0	10000
0	10000000
0	10000
0	10000000
0	100000
0	1000000
5.99 	50000
0	1000
0	1000000
0	500000
0	50
0	50
0	1000
0	50000
0	5000
0	100
0.99 	10
0	100
0	100
0	10000
0	1000
0	100
0	100
0	5000
0	1000
0	50000
0	500
0	100
0	50
0	100000
0	50
0	10000
0	50000
0	10000
0	10
0	1000
0	100000
1.49 	50
0	100000
0	10
0	1000000
0	100000
0	10000
0	10000
3.08 	1000
0	1000000
0	1000
0	5000000
0	100000
0	1000000
0.99 	1000
0	500000
0	5000
0	10000
0	10000
0	10000
0	5000
0	500000
0	50000
0	10000
0	10000000
0	1000000
0	1000
0	100000
0	500
0	500
0	5000000
0	500
0	500
0	1000000
0	1000
0	1000000
0	500000
0	1000
0	10000
0	10000
0	100000
0	500
0	10000
0	100
2.59 	10000
0	5000
0	1000000
0	50000
0	100
0	10
0	500
0	100
0	1000
0	1000
0	50000
0	100
4.80 	10
8.99 	5
0	5000
0	1000000
0	1000
0	10000
0	10000
0	1000
0	10
0	100
0	10
0	100
0	1000
0	10
0	10000
0	1000
0	1000000
0	500
0	10
0	1000
0	50
0	100
0	1000
0	10
0	50
0	100
0	1000
0	100
0	1000
17.99 	500
0	100
0	50
0	500
0	1000
0	10
0	100
0	10
0	50000000
0	1000
0	10000
0	1000
0	100000000
0	100
0	100
0	100
0	100
0	500
0	500
0	1000000
0	500
0	1000
0	100
0	100000
0	100
0	100
0	500
0	100
0	50
0	100
0	100
0	100
0	10
0	10
0	100
0	10
0	10
0	500000
0	100
0	500
0	100000
0	10
0	50
0	50
0	10000000
0	5000000
0	100000
0	10000
0	5000000
2.99 	100000
0	50000
0	1
0	1000
0	5
0	1000000
0	1000000
0	50
0	100000
3.49 	1000
0	5000
0.99 	1000
0	10000
0	50000
0	100000
0	10000
0	1000
0	5000
0	500
0	100000
0	10000
0	100000
0	1000
0	5000
0	5000
2.49 	1000000
0	100
0	100
0	1000000
0	500
0	100
0	10
0	100
0.99 	1000000
0	50
0	10
0	10000
0	1000
0	10000
1.49 	100000
0	1000
0	50000
0	500
0.99 	1000
0	5000
0	10000
0	10
0	100
0	1000
0	1000000
0.99 	500000
0	100
0	10
0	50000
0	10
0	50
0	5000
2.99 	10000
0	1000000
0	10000
0	100
0	5000
4.99 	100
0	10000
0	100
0	100
0	100
0	50
0	100
0	1000
0	1000
0	5000
0	5000
0	100
0	1000
0	1000
0	1
0	10000
0	500
0	1000
0	100000
0	100
0	5000000
0	1000000
0	500
0	10000000
0	5000000
0	1000000
4.99 	1000
0	10000
0	1000000
0	10000000
0	10000000
0	5000
0	1000000
0	10000
0	500000
0	500000
0	500000
0.99 	1000
0	1000000
0	500000
0	50000
0	5000000
0	1000000
0	500000
0	500000
0	10000000
0	1000000
0	100000
0	100000
0	1000000
0	1000000
0	10000000
0	1000000
0	1000000
0	100000
0	50000000
0	5000000
0	1000000
0	100000
0	500000
0	100000
0	100000
0	500000
0	1000000
0	1000000
0	100000
0	100000
0	500000
0	500000
0	5000000
0	50000
0	500000
0	100000
0	5000000
0	100000
0	1000000
0	100000
0	100000
0	1000000
0	500000
0	100000
0	100000
0	1000000
0	1000000
0	1000000
0	1000000
0	10000
0	100
0	100000
3.99 	1000
0	100
0	100
0	1000
0	10000
0	1000
0	1000
0	10
0	50000
0	50
0	10
0	1000
0	10
0	100000
0	500
0	10000
0	1000
0	5000
0	1000000
0	500
0	1000
0	100
0	1000
0	1000
0	5000
0	50000
0	500
0	1000
0	10000
0	100
0	500000
0	100
0	1000
0	1000
0	5000
0	1000
0	50
0	500
0	10000
0	10000
0	10000000
0	1000
0	100000
0	5000000
0	5000
0	10000
0	1000
0	10
0	100000
0	1000000
0	100
0	500
0	1000
0	10000
0	10000
0	10
0	5000
0	1000
0	1000000
0	100000
4.99 	100
0	5000
0	10000
0.99 	100
0	100
0	1000000
0	10000
0	100000
0	100000
0	50000000
0.99 	100
0	1000000
0	1000
0	1000
0	100000
0	10000
0	50000
0	500
0	100000
0	10
0	100
0	500
0	1000000
0	50
0	1000
0	10
0	50
0	100000
0	1000
0	1000
0	100
0	500
0	10
0	100
0	100
0	1000
0	100
0	1000
0	10
0	50
0	10000
0	100
0	10
0	10
0	100
0	50
0	5000
0	500
0.99 	500
0	50000
0	5
0.99 	500
0	5000000
0	10000
0	1000000
0	500000
0	10
0	500
0	50000
0	100
0	100
0	100
0	1000
0	5
0	500
0	10000
0	10
0	500
7.99 	10000
0	100
0	500
0	10
0	100
0	500
0	500
0	100
0	500
0	5000
0	10000
0	5
0	1000
0	100000
0	100
0	1000
0	500
0	5
1.49 	100
0	5
0	50
0	1000
0	5000
0	50
0	50
0	5
0	10000
0	10000
0.99 	1000
0	10000
0	100
4.99 	10000
0	1000
2.99 	10000
0	100
0	5000
0	10000
0	1000
0	500
4.99 	100
0	1000
0	50000
0	50000
0	1000
0	1000
0	100000
2.00 	50
0	1000
0	500
0	100
2.99 	1000
0	100
0	100
0	5000
0	50000000
0	500
0	100
0	100
0	10000000
0	50
3.99 	1
0	50
0	50
0	1000
0	10000000
0	10
0	1
0	100
2.49 	1000
0	5
0	5000000
0	100000
1.49 	1000
0	10000
0	100
0	5000000
0	100000
0	1000
0	100
0.99 	1000
0	100
0	100
0	100
0	500
0	100
0	500
0	100
0	100
0	1000
0	100
2.99 	10
0	100
0	10
0	100
0	1000
0	10000
0	1000
0	100
0	100
0	100
0	50
0	100
0	10000000
0	100
0	100
0	100
0	50
0	100
0	100
0	10
0	100
0	100
0	500
0	100
0	100
0	500
0	50000
0	10000
0	5000000
0	10000
0	5000
0	1000
0	1000
0	10000
0	5000
0	100000
0	100
0	10000
0	1000
0	100
0	10000
0	100
0	1000
0	500
0	500
0	1000
0	1000
0	5000
0	5000
0	50000
0	100
0	100
0	500
0	100
0	100
0	10000
0	10
0	500
0	1000
0	1000
0	10000
0	10000
0	100
0	50
0	500
0	1000
0	10
0	50
0	1000
0	100000
0	1000
0	5000
0	1000
3.99 	5000
0	10000000
0	1000000
0	100000
2.99 	500
0.99 	50000
0	5000
1.99 	5
0.99 	1000
0	1000
0	1000000
3.99 	50
0	500
0	10000
1.99 	10
0	10000
0	5000
0	1000000
1.96 	10
19.40 	1000
0	100
0	500000
0	100000
0	500000
0	100000
0	5000000
0	1000
2.99 	1000000
3.99 	100000
14.99 	10000
0	50000
3.90 	10000
2.99 	50000
0	1000
0	1000
0	10000
0.99 	1000
0	500000
0	100000
0	100
0	500000
0	100
0	1
0	500
0	100
0	5000
0	5000
2.99 	10000
0	10
0.99 	10
0	100
0	100000
0	10
0	100000
0	500
0	100
0.99 	10
0	1000
0	50
0	100
0	100
0	50
0.99 	5
0	1000
0	1000
0	1000
0	10
0	5000
0	10000
0	100000
0	50
0	5000000
0	10
0	500
0	10
0	1000
0	50000000
0	1000
0	5000
0	10000
0	5000000
0	100
0	1000
0	100
0	10000
0	10000
0	1000000
0	1000000
0	5000
6.99 	1000000
0	100
0	1000
0	500
0	500000
0	100
0	100
0	100000
0	100000
0	500000
0	100
0	100000
0	10000000
0	50000
0	1000
0	10
0	100
0	0
0	500
0	50000
0	50000
0	1000000
0	500
0	10
0	10000000
0	100
0	1000000
0	10
0	10
0	10000000
0	10
0	50
0	100000
0	10000
0	5000000
0	1000000
0	1000000
0	500000
0	10000000
0	10000
0	50000
0	100000
0	10000000
0	500
0	10000
0	50000
0	10000
0	100
0.99 	100
0.99 	10
0	5000000
0	5000
0	1000
0	5000
0	500
0	50
0	5000
0	1000000
0	10
0	100
19.99 	10
0	1000
0	100000
0	5000
0	1000
0	10
0	100
0	50000
0	10
0	10
0	5000000
0	1000
0	10000
0	10000000
0	1000000
0	10000
0	10
0	5
0	10000
0	100000
0	100000
0	100000
0	1000
0	10000
0	50000000
0	100
0	10
0.99 	10
0	10
0	1000
0	5000
0	500000
0	100000
0	500000
0	1000
0	1000
0	10000
0	5000
0	50000000
0	10000
0	100
0	1000
0	10000000
0	5000000
0	1
0	1
0	100
0	500
0	10000000
0	5
0	5000
0	10
0	10
0	10000
0	10
0	100
0	100
0	50
0	100
0	500000000
0	100000000
4.99 	100000
0	100000000
0	50000000
0	1000000
0	10000000
0	5000000
0	5000000
0	100000
0	100000
0	500000
0	5000000
0	100000
0	100000000
0	100000
0	1000000
0	50000000
0	1000000
1.99 	10000
0	100000
0	100000
0	100000
0	10000
0	100000
0	50000
0	100000
0	100000
0	500000
0	500
0	10000
0	500000
0	10000
0	10000
0	1000000
0	10000
0	10000000
0	10000
0	100000
0	100000
0	500000
0	1000000
2.99 	10000
0	5000
0.99 	100
0	10
0	10000000
0	100000
3.99 	10000
2.99 	100000
3.99 	100000
0	10000
0	1000000
0	10000000
0	100000
0	500000
0	1000000
0	10000000
0	5000000
0	1000000
0	5000000
0	1000000
0	10000000
0	5000000
0	500000
0	1000000
0	1000000
0	5000000
0	10000000
0	1000000
0	1000000
0	1000000
0	1000000
0	1000000
0.99 	100000
0	500000
0	100000
0	5000000
1.99 	10000
0	5000000
0	1000000
2.99 	10000
4.99 	50000
2.99 	10000
2.99 	10000
0	1000000
0	1000
0	100
0	1000000
0	10000
0	10000
2.99 	5000
0	10000
2.99 	100
0	1000000
0	10000
0	100000
0	1000
0	10000
0	5000
0	1000
0	5000
0	1000
0	10000
0	1000000
0	10000
0	1000
0	100000
0	10000
0	10000
0	1000
0	50000
0	50000
0	1000
0	500000
0	1000
0	500
0	10000
0	1000000
0	5000
0	1000
0	10000
4.59 	100
0	500
0	5000000
0	10000
0	1000000
0	100
0	1000
0.99 	1000
0	1000
0	1000
0	1000000
0	100000
0	50000
0	10000
0	100000
0	500
0	10000
0	500000
0	10000
0	1000
0	1000
0	1000
0	100000
0	10
0	1000
0	5000
0	5000
0	1000000
0	10000
0	50000
0	10000
0	100000
0	1000000
0	500
0	500
0	1000000
0	10
0	1000
0	100
0	100
0	100
0	1000
0	100000
0	10000
0	100
0	100
0	1000000
0	500
0	100
0	500
0	1000000
0	500
0	100
0	10000
0	5
0	5000
0	100
0	5000000
0	10000
0	1000
0	1000000
0	1000
0	100
0	100000
0	1000
0	100000
0	500
0	500
0	10
0	10
0	500
0	5000
0.99 	10
0	5
0	5
0	100000
0	100000
0	10
0	10000
0	1
1.49 	100
0	100000
0	500000
0	10000
0	1000
0	10000
0	10000000
1.49 	10
0	10000
0	100
0	10
0	100000
0	50000
0	5000000
0	5000000
0	100000
0	50
0	1000
0	100
0	50
0	100000
0	100
0	100000
0	1000
0	10000
0	1000000
0	5000000
0	10000000
0	500000
0	100000
0	100000
0	500
0	100000
0	10000
0	1000000
0	500000
0.99 	500
1.99 	100
0	100
0	1000000
0	5000
0	10000
0	1000000
0	500000
0	50000
0	10000
0	500000
0	5000
0	10000
0	100
0	1000
0	1000
0	5
0	5000
3.49 	100
0	10000
0	100000
0	50000
0	5000
0	5000000
9.99 	100
0	100
0	100
0	500
0	50000
0	5000
0	1000
0	50
0	100
0	1000000
0	100000000
0	1000000
1.99 	500000
0	1000000
0	10000000
0	5000000
0	1000
0	100000
0	10000
0	100000
0	100000
0	50000
0	10000
0	50000
2.49 	100
0	5000
0	100000
0	500000
0	10000
0	100
0	1000
0	100000
0	10000
0	10000
0.99 	10
0	1000000
0	500000
0	1000
0	1000000
0	100
0	10000
0	5000
0	10000
0	50000
0	1000
0	50
0	50000
0	10000
0	500000
0	5000
0	100000
0	10000
0	50000
0	10000
0	5000
0	50000
0	100
0	50000
0	50000
0	1000
0	5000
0	10000
0	1000
0	1000
0.99 	10
0	1000
0	1000
0	500
0	1000
0	5000
0	10000
0	10000
0	100000
0	5000
0	1000
0	100
0	100
0	5000
0	50000
0	10000
0	100
0	1000
0	10000
0	1000
0	1000
0	10000
0	100
0	100
0	1000000
4.49 	100
0	50
0	100000
0	10000
0	100
0	5000
9.99 	100
15.46 	1000
0	1000
0	50
0.99 	50
9.99 	100
6.99 	100
0	10000
0	50
0	100000
0	10000
0	10000
0	1000
0	100000
0	50000
0	10000
0	10000
0	10000
0	10000
0	10000
0	10000
0	10000
0	10000
0	50000
0	50000
0	50000
0	10000
0	10000
0	10000
0	50000
0	100000
0	50000
0	10000
0	1000
0	50000
0	10000
0	5000
0	100
0	5000000
2.49 	50000
0	1000000
0	5000000
0	10000000
0	10000000
0	100000000
0	10000000
0	500000
0	1000000
0	10000
0	100000
0	1000000
0	1000000
0	100000
0	10000
0	500000
0	5000
0	100000
0	100000
0	10000
0	10000
0	50000
0	100000
0	100000
0	100000
0	1000
0	1000000
0	50000
0	1000000
0	100000
4.99 	1000
0	5000
0	1000000
0	10000
0	10000
0	100000
0	5000
0	10000
0	5000
0	100000
0	10000
0	10000
0	10000
0	10000
0	50000
0	1000
0.99 	1000
0	100000
0	10000
0	5000
0	50000
0	10000
0	100000
0	5000
0	5000
0	5000000
0	500000
0	5000
0	50000
0	10000
0	100000
1.49 	100
0	10
0	5000000
0	100000
1.49 	100
0	50000
4.99 	5000
0	100
0	1000000
0	500
0.99 	100
1.49 	100
0	100
2.99 	10000
0	10
0	100
0	50
0	1000000
0	500
0.99 	5000
3.99 	5000
1.99 	100
0	1000000
0	100
2.49 	10
1.49 	10
2.49 	1
0	500000
2.49 	1000
0	100000
0	1000
0	100000
0	1000
0	500000
0	50000
0	50000
0	10000000
0	5000
0	500000
0	1000
0	1000000
0	5000000
0	5000000
0	5000
0	100000
0	1000
0	10000
0	10000
0	1000000
0	10000
0	10000
0	10000
0	1000
0	50000
0	500
0	1000
0	1000
0	1000
4.99 	500
0	100000
0	500
0	5000
0	500
0	10000
0	10
0	5000
0	100
0	100
0	10000
0	500
0	50
0	500
0	10
0	100
0	50
0	50
0	100
0	500
0	1000
0	50
0	500000
4.99 	10000
0	100000
0	50
10.00 	1000
0	1000
0	5
0	50
0	0
0	100000000
0	1000000
0	50000
1.99 	100000
0	100
0	5000
0	5000000
0	500
0	1000
0	100
0	10000
0	100
0	1000
0	1000
0	100
0	100
0	50000
0	1000
0	5000
0	100
0	100
0	100
0	100
0	10
0	10
0	1000000
0	500
0	5
0	100
0	1000000
0	100
0	10
0	10
0	10000000
0	1000000
0	5000
0	1000000
0	5
0	100000
0	500000
0	10000
0	10000
0	10000
0	1000000
0	10000000
0	100000
0	10000
0	10000
0	1000
0	1000000
0	10000
0	10000
0	500000
0	100000
0	100000
5.99 	10
0	1000000
5.99 	10
5.99 	10
0.99 	1000
0	50000
0	50000
0	50000
5.49 	10
0	5
0	10
0	1000
5.99 	1000
5.99 	1
5.99 	5
0	10000
0	100000
0	10
0	1000
0	100000
0	100
0	100000
0	10
0	500
0.99 	10
0	5000
0	500
3.49 	100000
0	100
0	10000
0	500000
0	1000000
0	1000
0	10000
4.99 	100000
0	10000000
0	5000000
0	10000000
0	50000000
2.99 	10000
0	5000000
0	1000000
0	5000000
0	10000000
0	1000000
0	10000000
0	1000000
0	5000000
0	10000000
0	10000000
0	10000000
0	50000
0	10000000
0	5000000
2.99 	10000
0	10000000
0	10000000
0	10000000
0	10000000
0	5000000
0	10000000
0	10000000
0	50000
0	50000
0	10000000
0	5000000
0	5000
0	500000
0	5000
0	1000
0	10000
0	10000
0	10000
0	100
8.99 	500
2.99 	50
0	500000
0	1000
0	10000
0	500
0	500
0	1000
0.99 	500
0	10000
0	10000
0	1000
0	1000
0	10000
0.99 	10
0	10000
0	10000
0	5000
0	5000
0	100
0	10000
0	10
0	10000
0	100
0	100000
3.49 	10
0	5000
0	1000
0	1000
0	1000
0	100
1.49 	1
0	1000
0	10000
0	10000000
0	1000000
0	5000000
0	10000000
0	500000
0	5000000
4.99 	50000
0	10000
0	10000000
0	1000000
0	10000
0	1000
0	5000000
0	1000
0	1000000
0	5000
0	50000000
0	100
0	10000000
0	500
0	5000
0	50000
0	1000
0	5000000
0	1000
0	10000
0	50000
0	10000000
0	50000000
0	500000
0	100
0	5000
0	100000
0	50
0	5000
0	500
0	500
4.99 	50
0	1000
0	10000
0	5000
2.99 	5000
3.04 	10
0	5000
0	10000000
0	10000000
0	10000000
0	5000000
0	10000000
0	10000000
0	5000000
0	1000000
0	10000000
0	10000000
0	50000000
0	1000000
0	10000000
0	1000000
0	10000000
0	5000000
0	10000000
0	1000000
0	100000000
0	50000000
0	50000000
0	5000000
0	50000000
0	10000000
0	10000000
0	5000000
0	10000000
0	10000000
0	100000
0	1000
0	100
0	10000000
3.99 	10000
0	500
0	1000
0	10000
0	100
0	50000
0	1000
29.99 	10
0	500
0	100
0	100
0	100
0	1000
0	1000
0	10
0	100
0	100
0	500
0	500
0	10000
0	100
0	10
0	500000
0	50
0	5
2.99 	10
0	10000000
2.99 	10
0	10
3.99 	100
0	100
0	500000
0	1000
0	5
0	1
0	10
0	5000000
0	500
0.99 	100
0	5000000
0	100000
2.99 	10000
0	10000
8.99 	50
0	1000
0	1000000
0	10000
4.99 	1000
0	1000
0	1000
12.99 	100
0	10000000
0	500
0	10000
0	10000
2.49 	10
0	1000
0	1000000
0	500
0	10000
0	1000
0	100
0	500000
0	100
0	100
0	100
0	10000
0	100
0	10
0	100
0	10
0	10000
0	100
0	10000
0	100
0	10000000
0	5000000
0	10000000
0	50000000
0	5000000
0	100000
0	1000
0	5000000
0	10000000
0	1000000
0	1000000
0	10000000
0	100000
0	10000
0	50000
0	100
0	1000000
0	500000
0	1000
0	1000000
0	10000
0	1000
0	5000000
0	100000
0	500000
0	10000000
0	10000
0	5000000
0	1000000
0	50
0	1000000
0	100000
0	10000000
0	100000
0	100000
0	1000
0	10000000
0	10000000
0	1000
0	100
0	10000000
0	1000000
0	1000000
0	100000000
0	10000000
0	50000000
0	10000000
0	10000000
0	500000
0	100000000
0	10000000
0	100000
0	5000000
2.99 	500000
0	10000000
0	10000000
0	100000000
0	1000000
0	50000000
0	10000000
0	50000000
0	10000000
0	100000000
0	10000000
0	10000000
0	5000000
0	10000000
0	10000000
0	1000000
0	100000
0	100000
0	100000
0	1000000
0	1000
0	1000
0	1000
0	50000
0	1000
0	5000
0	10000
0	10000
0	100000
0	1000
0	10000
0	50000
0	10000
2.99 	1000
0	100000
0	500
0	1000000
0	50000
0	100000
0	1000
0.99 	1
0	100
0	50000
0	10000
0	100
0	10
0	10
0	10000
0	10
0	1000000
0	1000
0	10000
0	500
0	1000
0	500
0	50
0	100
0	100
0	100
0	100000
0	1
0	10
2.99 	50000
0	10000000
0	5000000
0	50000000
0	10000000
0	100000
0	1000000
0	10000000
0	1000000
0	1000000
0	1000
0	5000000
0	10000
0	5000
0	5000000
0.99 	10
0	100000
0	10000000
0	5000000
0	10000
0	1000000
0	1000000
0	1000000
0	50000
0	10000000
0	10000
0	10000000
0	1000000
0	100000
0	1000000
0	1000000
0	1000000
0	10000
0	10000
0	5000
0	5000
0	100000
0	5000
0	1000
0	1000
0	1000
0	5000
0	10000
0	1000
1.99 	1000
0	10
0	1000
0	5000
0	1000
0	1000
0	100
0	10000
0	1000
0	5000
0.99 	5
0	10
0	100
0	100
0	5000
0	500000
0.99 	50
0	500
0	100
1.99 	5000
0	100
0	100
0	50
0	5
0	10
0	10
0	100
0	100
0	10
0	10000
0	10000
0	1000
0	100
0	50
0	50000
1.99 	10000
0	10
0	100000
0	500
0	5000
0	100000
0	10
0	10
0	50
0	500
2.99 	10
0	100
0	100
0	100
4.49 	5000
0	5
0	10
0	10
0	50000
0	100000
0	100000
0	1000000
0	1
0	1000000
0	0
0	100000
8.49 	1000
0	500000
2.49 	50000
0	50000
0	1000000
0	50000
0	50000
0	10000
0	5000000
0	5000000
0	1000000
0	1000000
0	100000000
0	1000000
0	10000000
0	10000000
0	10000000
0	5000000
0	1000000
0	10000000
0	100000000
0	100000
0	5000000
0	50000000
0	10000000
0	1000000
0	1000000
0	10000000
0	1000000
0	100000
0	10000000
0	500000
0	1000000
0	100000
0	1000000
0	1000000
0	500000
0	100000
0	1000000
0	1000000
0	500000
0	100000
0	100000000
0	1000000
0	100000
0	100000
0	50000
0	1000000
0	100000
0	100000
0	1000000
0	10000000
0	1000000
0	100000
0	10000000
0	500000
0	10000
0	100000
0	500000
0	1000000
0	100000
0	5000
0	500000
0	50000
0	100000
0	100000
0	10000
0	500000
0	100000
0	5000
0	100000
0	100000
0	1000
0	1000000
0	1000
0	5000
0	1000
0	10000
0	10000
0	100000
0	100000
0	50000
0	100
0	5000
0	100000
0	10000
0	10000
0	10000
0	5000
0	5000
0	1000
0	10000
0	500000
0	5000
0	1000
0	5000
0	10000
0	50000
0	100000
0	100000
0	10000
0	500000
0	100
19.99 	50000
0	1000
9.99 	10000
1.99 	10000
2.99 	100000
4.99 	10000
0	1000000
14.99 	100000
0	10000000
0	500
0	1
0	100000
0	1000000
0	1000000
9.99 	100000
0	10000
0	500000
13.99 	100000
0	100000
0	100000
0	100000
0	100000
0	10000000
0	10000
0	100000
0	1000000
0	1000000
0	1000000
0	1000000
0	1000000
0	1000000
0	1000
0	1000000
0	100
0	100000
0	10000000
4.29 	1000
0	50000000
0	10000000
0	100000000
0	5000000
0	100000
0	500000
0	1000000
0	1000000
0	1000000
0	1000000
0	10000000
0	500000
0	1000000
0	10000000
0	1000000
0	10000
0	500000
0	500000
0	10000000
0	1000000
0	5000000
2.99 	10000
2.99 	500
2.99 	50000
1.99 	100000
0	100000
0	1000000
0	1000000
0	10000
3.99 	50000
0	100000
4.99 	100
0	1000000
0	100000
0	10000
0	10000
4.99 	1000
3.99 	10000
0	10000000
2.99 	50000
0	1000000
0	1000000
0	1000
0	500000
2.99 	100000
2.99 	50000
0	1000000
0	5000
4.99 	1000000
0	1000000
0	1000000
0	10000000
0	500000
0	1000000
0	500000
0	5000000
0	500000
0	1000000
0	1000000
0	100000
0	500000
0	50000
0	50000
0	100000
0	500
0	1000
0	50000
12.99 	100
0	100
2.60 	50
0	500
0	100000
0	50
0	1000
0	100000
0	10
0	1000
0	100
0	500
0	1000000
0	1000000
0	10000000
0	1000
0	5
0	500
3.28 	10000
0	10
0	100
0	100000
4.99 	10
0	1000000
0	5000000
0	10000
0	100
0	1000
0	100
0	500
2.99 	50
0	1000
0	500
0	10000
0	1000
0	5000
0	500
2.99 	1000000
0	500
0	1000
0	1000000
0	10000000
0	1000
0	100
0	1000
0	10
0	10
0	1
0	0
0	10
0	500
0	100
0	50
0	1
0	1000
0	10000000
2.99 	100000
0	5000000
0	1000
0	10
0	1000
0	500
0	100
0	10000000
4.99 	1000
0	100
0	100000
3.99 	10000
0	50000
0	10000
0	500000
0	100000000
0	1000000
0	100000000
0	10000000
0	10000000
0	1000000
0	100000
0	10000000
0	1000000
0	1000000
0	5000000
0	100000
0	50000
0	500000
0	500000
0	5000000
0	1000000
0	50000
3.99 	100000
0	50000
0	100000
0	100000
0	50000
0	100000
0	50000
0	50000
0	50000
0	5000
0	5000000
0	100000
0	50000
0	10000000
0	10000000
4.60 	5000
0	10000
0	10000000
0	1000000
0	50000
0	10000
0	1000
0	5000
0	10000
0	10000
0	10000
0	1000
0	1000
0	10000
0	50
0	1000
0	50000
0	10000
0	1000000
0	100000
0	100
0	5000
0	50000
4.99 	10000
0	100
0	50000
0	10000
0	1000
0	100
0	100000
0	1000
0	1000
0	100
0	1000
0	10000
0	5000
0	500000
0	100000
0	50
0	100
0	100
0	500
0	10
0	10000
0	5000
0	1000
0	1000
0	100000
0	100000
0	100000
0	1000000
0	100000
0	10000
0	10000
0	10000
0	100000
0	1000
0	1000000
0	10000
0	50000
0	100
0	10
0	5000
0	1000
0	10000
0	1000
0.99 	1000
0	1000
0	500000
0	10000
0	1000
0	500
0	1000
0	10000
0	100
0	100
0	1000
0	10
0	5000
0	100000
0	10000
0	100
0	1000
1.49 	100
0	1000
0	100
0	10000
0	10
0	10
0	500
0	5000
0	10000
0	100
0	500
0	10
0	500000
0	500000
2.99 	10000
0	5000
1.00 	5000
0	500000
0.99 	100000
0	5000
5.99 	100
0	1000
0	5000
0	1000000
0	1000
0	10000
0	100000
0	1000
0	100000
0.99 	10
0	10000
0	50000
0	500
0	1000
0	10000
2.99 	500
0	5000
0	5000
0	10000
0	5000
0	5000
0	5000
0	10
0	100
2.99 	50
0	500
1.99 	50
0.99 	50
0.99 	10
0	500
0.99 	100
0	100
0	5000
1.49 	50
3.99 	500
2.99 	10000
0	10000
0	50000
0	100
0	1000
0	10000
0	100
0	5000
0	100
0	10
0	50
0	1000
0	100
0	10
0	10000
0	50000
0	50000
1.49 	10000
0	50
0	10000
0	100000
0	10000
0	100
0	10000000
0	50
0	1000000
0	100000
0	100000
0	100000
0	10000
0	10000
0.99 	10
0	10000
0	50000
0	100000
0	10000
5.99 	1
0	1000
0	50000
28.99 	1
0	100000
0	5000
0	50000
0	10000
0	100
0	1000
0	1000000
0	100000
0	10
0	100000
0	1000
0	5000
0	10000
0	100
0	100
0	1000
0	5000
0	500
0	1000
0	100000
0	500
0	10000
0	10000
0	1000
0	10000
0	10000
0	500
0	10000
0	1000
0	10000
0	5000
0	10
0	10
0	10000
0	1
0	50000000
0	50000000
0	50000000
0	10000000
0	10000000
0	10000000
0	10000000
0	10000000
0	0
0	10000000
0	500000
0.99 	1000000
0	10000000
0	5000000
4.99 	500000
0	1000
0	5000000
0	1000000
0	1000000
0	10000000
0	5000000
0	1000000
0	5000000
0	10000000
0	10000000
0.99 	1000000
0	100000000
0	1000000
0	100000
0	100000
0.99 	1000000
0	1000000
0	1000000
0	1000000
0	10000000
0	100
0	10000
0	10000
0	10
0	100
0	50
0	1000
0	500000
0	1000
0	100000
0	100
0	1000000
0	5000
0	50
0	5000
0	10
0	10000000
0	100000
0	1000
0	50
0	1000
0	100000
0	5000
0	10
0	10
0	100000
0	1
0	10000
0	100000
0	1000
0	100
0.99 	5
0	1000
0	10000
0	10
0	10
10.99 	1000
0	10000
0	5000
0	10000
0	50000
0	100000
0	100000
0	5
0	10000
14.99 	1000
0	1000000
0	1000000
0	5000
0	1000
0	100000
0	100000
1.99 	500
0	1000
0	10000
0	10000
0	10
0	50000
0	100000
0	100
0	50
0	1000
0	100
0	1000
0	1000
0	50
0	10000
0	1000
0	100
0	10000
0	100
0	500
0	10
0	50000
0	50
0	100
0	100
0	10
0	500
0	500
0	100
0	1000
0	10000
0	100
0	1000
0	100
0	10
0	1
0	1000
0	1
0	10
0	100
0	100000
0	50000
0	10000
0	10000
0	5000
0	100000
0	50000
0	100000
0	5000
0	10000
0	50000
0	50000
0	1000
0	10000
0	1000
0	100
0	1000
0	100
0	5000
0	1000
0	500
0	10000
0	500
0	50
0	100
0	5000
0	100
9.99 	100
0	500
0	1000
0	50
0	100
0	500
0	100
0	50
0	1
0	50000
12.99 	10000
0	1000
0	5
0	10000
0	5000
0	1000
0	100
0	1000
0	100
0	1000000
0	10000000
0	100
0	10000
0	50000
0	1000
0	50
0	1000
0	1000
0	100
0	100000
0	100
0.99 	1000
0	10000
0	500
0	1000
0	10
0	50
0	100
0	1000
0	10
2.99 	50
0	100000
0	1000000
3.99 	0
0	1000000
0	100000
0	10000
0	100
0	10000
0	1000000
0	1000000
0	50000000
0	1000
0	100000
0	1000000
0	500000
0	500000
0	50000
0	100000
0	1000000
0	1000000
0	1000000
0	100000
1.49 	50000
0	1000000
0	10000000
0	10000
0	10000000
0	1000000
0	100000
0	10000
0	100
0	1000
0	100
0	1000
0	100000
0	50
0	100
0	500000
0	100
0	5000
0	5000000
0	10000
0	1000000
0	1000000
0	10000000
0	50000
0	10000
0	500000
0	5000000
0	500000
0	10000000
0	1000000
0	500000
0	1000000
0	100000
0	5000000
0	10000000
0	5000000
0	5000000
0	500000
0	500000
0	10000000
0	100000
0	10000000
0	100000
0	100000
0	10000000
0	10000000
0	10000
0	1000000
0	100000
0	5000000
0	10000
0	1000000
9.99 	50
0	100
0	100
0	10
0	10000
0	100
0	1000
0	10000
0	5
0	10
0	10
0	100
0	50
0	5000
0	10000
0	500000
0	1000000
0	5000
0	10
0	1000000
0	1000000
0	5000000
0	10
0	10000000
0	10000
0	50000
0	5000
0	1000000
0	1000
0	5000000
0	10000000
0	10000000
0	1000000
0	1000
0	50000
0	100
0	1000000
0	100
0	1000000
0	500
0	1000
0	1000000
0	1000
0	1000000
0	1
0	10000000
0	10
0	1000000
0	1000000
0	50
0	100
0	5
0	1000000
0	1000000
0	5000000
0	1000000
2.95 	10000
0	100
0	100000
0	1000000
0	50000
1.99 	1000
0	1000000
0	500000
0	1000000
0	10000
0	1000000
0	5000000
0	500000
2.99 	500000
0	1000000
1.99 	1000
0	10000
0	50000
0	5000
0	500000
0	10000
0	100000
0	100000
0	500000
0	1000000
2.90 	100000
0	1000000
0	50000
0	100000
0	1000000
0	10000
0	1000
0	10000
0	500
0	10000
0	10000
0	50000000
0	100
0	50
0	5000
0	5000
0	5000
0	500
0	1000
0	10
0	1000
0	10000
0	10
0	100
0	10
0	500
0	1000
0	500
0	100
0	1000
0	10000000
0	1000
0	50000
0	10000000
0	1000000
0	1000000
0	1000
0	1000
0	5000
0	1000000
0	100
0	500
0	1
0	1000000
0	1000
0	1000000
0	100
0	5000000
0	10000000
0	1000000
0	100000
0.99 	10000
0	100000
0	100000
0	100000
0	100000
0	500000
0	100000
0	50000
0	1000000
1.99 	1000
0	1000000
0	1000000
0	100000
0	10000
0	100000
0	5000000
0	100000
0	10000
0	100000
0	1000000
0	10000000
0	10000000
0	100000
0	5000000
0	100000
1.97 	10000
0	100000
0	5000000
2.99 	100000
0	10000000
0	1000000
0	5000000
0	10000000
24.99 	100000
0	10000000
0	5000000
0	500000
0	500000
0	10000000
0	500000
0	1000000
0	100000
0	500000
0	500000
0	1000000
3.99 	1000
0	5000000
0	500000
0	1000000
0	1000000
0	500000
0.99 	5000
0	100000
0	5000000
0	500000
0	100000
0	1000000
0	500000
0	50000000
0	1000000
0	10000000
0	500000
0	5000000
0	5000000
0	100000
0	500000
0	500000
0	100000
0	10000000
0	10000000
0	10000000
0	100000
2.49 	1000
0	10000000
0	10000000
0	5000000
0	10000000
0	1000000
0	1000000
0	10000000
0	10000000
0	1000000
0	10000000
0	5000000
0	10000000
0	1000000
4.49 	100000
0	10000000
0	500000
0	10000000
0	10000000
0	10000000
0	1000000
0	5000000
0	10000000
0	5000000
0	5000000
0	1000000
0	1000000
0	5000000
0	50000000
0	10000000
0	10000000
0	5000000
0	10000
0	1000
6.99 	10000
0	10
0	1000
0	100
0	10
0	100
0	10
0	50
0	100
0	10
4.99 	1000
0	10
0	10
0	10
0	10000
0	10
0	50
0	1
0	50
0	10
0	1000000
0	5000000
1.99 	100
0	100
0	10000000
2.49 	100
0	10000000
0	500000
0	100
0	1000000
0	1000000
1.99 	1000000
0.99 	500
0	50000000
0	1000000
0	10000000
0	1000000
0	10000000
0	1000000
0	500000
0	1000000
0	1000000
0	50000000
2.99 	50000
0	100
0	100
0	100
0	500
0	50000
0	100
2.99 	1000
0	10
0	100
1.99 	50
0	100
0	1000
0	100
0.99 	100
0	50
0	5000
0	100
0	500000
0	1000000
3.99 	100000
0	500
0	1000
0	10
0	10
0.99 	50
0	100
1.99 	500
0	500000
200.00 	0
0	10000
0	100000
0	500
0	1000000
0	1000
0	10000
0	100
0	100
2.99 	100000
0	10000000
89.99 	10
0	10000000
0	10000
0	1000000
0	100000
0	1000000
0	100000
0	100000
0	10000000
0	500
0	5000
0	1000000
0	100000
0	100000
0	50000
0	50000
0	500000
0	10000
0	500000
0	10000
0	50000
0	1000
0	10000
0	1000
0	100000
0	1000
0	10000
0	5000
0	1000
0	5000
0	500000
0	1000000
0	100000
0	500000
0	100000
0	500000
0	10
0	50000
0	5000
0	5000
0	1000
0	10000
0	500
0	100000
0	100000
0	1000
0	50000
0	1000
0	1000
0	5000000
0	10000000
0	5000
0	500
0	1000000
0	10000000
2.99 	500000
0	10000000
0	100000
0	100000
0	1000000
0	1000000
0	1000000
0	500000
0	100000
0	1000000
0	1000000
0	1000000
0	500000
0	1000
0	100000
0	5000
0	50000
0	1000
0	10000
0	50000
0	10000
0	500
0	5000
0	1000000
0	1000
0	100
0	100
0	10000
0	50000000
0	500000
0	100
0	10000000
0	50000
0	5000000
0	10000
0	500
0	10000000
0	100000
0	100000
0	5000000
0	1000000
0	10000000
0	10000
2.99 	500
0	5000
0	100000
0	100000
0	100000
0	50000000
0	50000
0	100000
0	100000
0	50000
0	5000000
0	5000000
0	1000000
0	100000000
0	50000000
0	50000000
0	1000000000
0	10000000
0	1000000
0	5000000
4.99 	50000
0	10000000
0	5000000
0	50000000
0	10000000
0	10000000
0	10000000
0	10000000
0	10000000
0	5000000
0	10000000
0	5000000
0	50000000
0	5000000
0	10000000
0	100000
0	50000
0	1000
0	1000
0	100000
0	50000
2.56 	1000
0	5000
0	1000
0	1000
0	1000
0	100
0	5000
0.99 	10000
0	10000
0	1000
0	50000
0	10000
0	10000
0	100
0	100
0	50
0	500
0	100000
0	10000
0	1000000
0	1000
0	1000
0	1000
0	500
0	500
0	1000
0	50000
0	1000
0	1000
0	100
0	100
0	1000
0	5000000
0	50
0	1000
0	500
30.99 	0
0	50
0	10
0	1000
0	1000
3.61 	10
0	50
0	100
0	100
0	100
0	10
0	100
394.99 	0
0	100
0	1000
1.26 	100
0	1000
0	10000
0	1000
0	10
0	10
0	50000
0	50
0	10
0	10
0	100
0	5
5.99 	10000
0	100
399.99 	0
0	100
0	5000000
0	100
0	10
0	1000000
0	10000
2.99 	1000000
0	100000
0	50000
0	100000
0	50000
0	50000
0	1000
0	10000
0	1000
0	1000
0	1000
0	5000
0	10000
0	1000
0	1000
0	10
0	100
0	1000
0	100
0	1000
0	1000
0	100
0	1000
0	5
0	5000
0	5000
0	1000
0	1000000
0	1000
0	500000
0	1000
0	500
0	100000
0	100000
0	10000000
0	1000000
0	1000000
0	1000
0	5000000
0	500
0	500000
0	1000000
0	1000000
0	1000000
0	100000
0	100000
0	100000
0	10000000
0	500
0	10
0	100000
0	100
0	5
0	50
0	100
0	100000
0	10
0	1000000
0	100
0	5
0	100
0	10
0	10000
0	10
0.99 	10000
9.99 	100000
0	10
0	100000
0	10
0	50000000
0	100000
0	10000
0	5000000
0	500
0	10000000
0	10000
0	50000
0	500000
0	100000
0	100000
0	10000000
0	5000
0	100000
0	5000000
0	50000
0	1000000
0	10000000
0	1000000
0	5000000
0	10000000
0	1000000
0	100000
0	5000000
0	10000000
0.99 	100000
2.49 	500000
1.99 	10000
0	5000000
0.99 	50000
0	500000
4.99 	5000
0	500000
1.49 	5000
0	50000
0	5000
4.99 	1000
4.99 	5000
0	100000
0	10000
4.99 	5000
4.99 	5000
4.99 	5000
1.99 	50
0	1000000
0	1000
0	100000
0	1000000
0	1000000
0	500000
0.99 	100
0	100000
0	100000
0	5000000
0	5000
0	50000
0.99 	500
0	5000000
0	1000
0	100
0	5000000
0	5000
3.99 	100000
1.49 	100
0	5000
0	50000
0	10000
0	1000
0	50
0	500
0	1000
0	100
0	1000
0	1000
0	100
0	5
0	10000
0	1000
0	5000
0	100
0	5
0	500
0	1000
0	100
0	5
0	500
0	10000
0	500
0	10000
0	10
0	10000000
0	1
0	500
0	100
0	5
0	10
0	10
0	1000
0	50
0	10000
0	100
0	1000000
0	1000000
0	10000000
0	10000
0	100000
0	100000
0	500
0	1000000
0	100
0	500000
0	5000000
2.99 	50000
0	1000000
0	1000000
0	500000
0	1000000
0	100000
0	10000
0	10000
0	1000
0	50000
0	100000
0	100000
0	100000
0	1000000
0	10000
0	5000
0	500000
0	1000
0	50000
0	10000
0	10000
0	10000
0	50000
0	1000000
0	1000
0	100000
0	1000000
0	5000
0	10000
0	50000
0	10000
0	10000
0	5000
0	100000
0	5000
0	1000
0	10000
0	100000
0	1000
0	50000
0	5000
0	5000
0	1000
0	1000
0	100
0	100000
0	100000
0	5
0	10000000
0	1000000
0	1000000
0	5000
0	5000
0	1000
0	500
0	1000000
0	5000000
0	5000000
0	1000
0	1000000
0	10000000
0	1000
0	1000
0	1000
0	100000000
0	10
0	5000000
0	10000000
0	10000000
0	1000000
0	10000000
0	10000000
0	10000000
0	1000000
0	50000000
0	1000000
0	500000
0	1000000
0	50000000
0	100000
0	1000000
0	1000000
0	10000
0	500000
0	1000000
0	500000
0	100000
0	50000
0	500000
0	10000000
0	10000
0	5000000
0	500
0	100000
0	100000
0	50000
0	500000
0	5000
0	100000
0	100000
0	5000
0	5000
0	1000000
0	100000
0	100000
0	5000
0	1000
0	10000
0	100000
0	10000
0	50
0	5000
0	100000
0	10000
0	500
0	10000
0	10000
0	1000000
0	100000
0	500000
0	10000
0	10000
0	10000
0	10000
0	1000000
0	100
0	50000
0	10000
0	10000
0	50000
0	100000
0	100000000
0	100000
0	10000
0	500
0	1000000
0	5000
0	10000
0	10000
0	5000
0	10000
0	1000
0	50000
0	500
0	100
0	10000
0	10000
0	100000
1.99 	100
0	50000
0	100000
0	1000
0	10000
0	100000
0	5000000
0	500
0	50000
0	10000
0	500
0	10000
0	100000
0	10000
0	100000
0	5000
0	10000
0	100000
0	1000
0	100000
0	100000
0	10000
0	10000
0	500
0	100000
0	1000
0	1000000
0	10
0	1000
0	1
0	1000000
0	1000
0	10000
0	5000
0	500000
0	10000
0	1000
0	10000
0	1000
0	5000
0	10000
0	100
0	100000
0	10000
0	50
0	10000
0	10000
0	50000
0	1000000
0	5000000
0	1000
0	5000
0	1000
0	50000
0	1000
0	10
0	500
0	100000000
0	100
0	10
0	500
0	100
0	100
0	1000
0	1000
0	1000
0	1000
0	100
0	100
0	100
0	1000
0	10000
0	1000
0	500
0	100
0	1000
0	500
0	10
0	100
0	50
0	100
0	1000
0	100
0	10000
0	100
0	5000
0	10
0	1000
0	100
0	500
0	5000
0	1000
0	1000000
0	1000
0	10
0	100
0	10
0	10
0	10000
0	50
0	1000000
0	5000000
0	5000000
0	1000
0	10000000
0	10000
0	10000000
0	10
0	50000000
0	5000000
0	10000
0	1000000
0	1000000
0	10000000
0	1000000
0	1000000
0	10000000
0	500000
0	100000
0	5000000
0	1000000
0	500000
0	500000
0	1000000
0	1000000
0	500000
0	5000000
0	10000
0	5000
0	10
0	100
0	10000
0	500
0	1000
0	500
0	1000
0	1000
0	1000
0	50000000
0	5000
0	1000
0	500
0	100
0	500
0	100
0	1000
0	100
0	1
0	1000
0	1000000
0	100
0	500
0	1000
0	5000000
0	10000
0	100
0	5000000
0	1000
0	10000
0	50000000
0	50000
0	100000
0	100
0	500
0	1000000
0	5000000
0	100000
0	1000000
0	500000
0	100
0	100000
0	1000000
1.99 	10000
0	10000
0	100000
0	1000000
2.99 	10000
0	500000
0.99 	10000
0	1000000
7.99 	1000
0	10000
0	1000000
2.99 	1000
0	1000
0	500000
0	5000
2.99 	1000
0	100000
1.99 	100
1.00 	5000
0	50000
0	500000
0	5000
0	100000
0	100000
0	10000
0	10000
0	50000
0	500000
0	10000
0	100000
0	10000000
0	1000
0	50000
0	50000
0	10000
0	1000
0	50000
0	500000
0	500000
0	10000
0	100
0	1000
0	100
0	10000
0	1000
0	5000
0	1000000
0	10000
0	500
0	1000
0	5000000
0	100
0	100
0	100
0	50
0	10000
0	100
0	100
0	100
0	10000000
0	1000000
0	10000000
0	100000
0	10000000
0	10000000
0	500000
0	10000000
0	10
0	1000000
0	100000
0	50000000
0	1000000
0	50000
0	500
1.49 	100
0	1000000
0	10
0	10000
0	10000000
0	1000000
0	100000
0	10
0	10
0	1000000
0	10000
0	10
0	10
0	1
3.49 	100000
0	100
0	10
0	5
0	50
0	100
0	50
0	100
0	10
2.99 	10000
0	1
0	5
0	50
0	10
0	10
0	50
0	10
0	10
0	50000000
0	10
0	10
0	10000
0	5
0	5000000
0	5
0	1000
0	10
0	100
0	5
0	10
0	10
0	5
0	10
0	100
0	10
0	50000
0	5
0	5000000
0	100000
1.99 	1000
0	10000
0	50000
0	10000
0	100000
0	5000
0	1000
0	10000
0	5000
0	100000
0	50000
0	10000
0	100000
6.99 	1000
0	5000
0	1000
0.99 	5000
0	5000
0	1000
0	5000
0	1000
0	500
0	1000
0	1000
1.99 	5000
0	5000
0	50000
0	1000
0	100000
0	500
0	10000
0	10000
0	1000
0	10000
0	50000
0	10
0	100
0	5000
0	5000
0	500
0	5000
0	100
0	10
0	10000
0	5000
0	100
0	1000000
0	5000
0	100
0	10000
0	10000
0	100
0	50
0	100000
0	10000
0	10
0	50
0	1000
0	1000
0	1000
0	100000
0	1000
0	5000
0	10000
0	1000
0	5000
0	10000000
0	500
0	10000
0	10000
0	1000
0	100000
0	500000
0	10000
0	10000
8.99 	100000
0	1000000
0	100000000
0	10000
0	10000
5.49 	10
6.49 	10
0	100000
0	50
0	1
0	1000
0	100
0	5
0	10
0	50
0	10
5.99 	10
6.49 	10
0	500
6.49 	10
0	10000
0	1000
0	5000
6.49 	10
5.99 	5
0	10
0	1000000
0	10
0	1000000
5.49 	10
0.99 	50
0	500
0	100
0	10000
2.99 	100000
0	100000
0	100000
0.99 	1000000
0	5000000
0	1000000
0	10000
0	10000
0	10000000
0	100000
0	1000
0.99 	100
0	500
0	100
0	100
0	100
0	100
0	100
0.99 	1
0	100
0	50
0	1000
0	1
0	500
0	50
0	100
0	100
0	500
0	100000000
0	1
0	100
0	10000000
0	1000000
0	1000000
0	100000
0	5000000
0	100000
0	10000000
0	1000000
0	5000
0	1000
0	1000000
0	100
0	100000
0	10000000
0	10000
0	1000
0	1000000
0	50000
0	10000000
0	10000000
0	50000
0	5000000
0	100000
0	10000
0	100
0.99 	100
0	100
0	1000
0	5000
0	500000
0	10000000
0	1000000
0	1000
0	500
0	100
0	1
0	1000
0	5000
0	10
0	1000
0	100000
0	1000
0	5000
0	1000000
0	10000
0	10000
0	5000
0	50000
0	1000000
0	1000
7.99 	1000
0	1000
0	10
0	50000
0	1
0	100000
0	100000
0	500
0	10000
0	100
0	100000
0	1000
0	100
0	10
0	10
0	1
0	10
0	100000
0	10000
0	10000
0	1000
0	10000000
16.99 	10000
0	50000
0	10000000
1.20 	10000
0	50000
0	50000
0	500
0	50000
0	50000
0	50000
0	1000000
0	500000
0	1000
0	100000
0	1000000
0	1000000
1.04 	50
0	100000
0	5000
0	1000
0	10000
0	1000000
0	100000
0	100
0	500
0	100
0	50000
0	1000000
0	100
0	100
0	1000
0	10000
0	50000
0	500000
0	100
0	100000
0	10000
0	5000
0	1000
0	50
0	10
0	100
0	10000
0	100
0	5000000
0	5000
0	10000
0	10000
0	100000
0	5000
0	100000
0	1000
0	500
0	10
0	5000
0	100
0	1000
0	1000
0	10000000
